N  	f1(n)	i1 	f2(n)	i2  f3(n)	i3 	f4(n)	i4	  		i1/N^2 	i2/N   	i2/N^2		i2/N^3		i3 = i2	i4/N		i4/N^2		i4/N^3		i4/nlogN
1	1		1	1		1	1		1	1		1			1		1		1			1					1			1			1			0
2	4		4	3		3	5		3	3		2			1		1,5		0,75		0,375				1			0,5			0,25		0,301029996
3	9		9	6		6	14		6	6		3			1		2		0,666666667	0,222222222			1			0,333333333	0,111111111	0,477121255
4	16		16	10		10	30		10	10		4			1		2,5		0,625		0,15625				1			0,25		0,0625		0,602059991
5	25		25	15		15	55		15	15		5			1		3		0,6			0,12				1			0,2			0,04		0,698970004
6	36		36	21		21	91		21	21		6			1		3,5		0,583333333	0,097222222			1			0,166666667	0,027777778	0,77815125
7	49		49	28		28	140		28	28		7			1		4		0,571428571	0,081632653			1			0,142857143	0,020408163	0,84509804
8	64		64	36		36	204		36	36		8			1		4,5		0,5625		0,0703125			1			0,125		0,015625	0,903089987
9	81		81	45		45	285		45	45		9			1		5		0,555555556	0,061728395			1			0,111111111	0,012345679	0,954242509
10	100		100	55		55	385		55	65		11			1		5,5		0,55		0,055				1,1			0,11		0,011		1,1
11	121		121	66		66	506		66	87		13			1		6		0,545454545	0,049586777			1,181818182	0,107438017	0,009767092	1,23073681
12	144		44	78		78	650		78	111		15			1		6,5		0,541666667	0,045138889			1,25		0,104166667	0,008680556	1,348976558
13	169		169	91		91	819		91	137		17			1		7		0,538461538	0,041420118			1,307692308	0,100591716	0,007737824	1,456695153
14	196		196	105		105	1015	105	165		19			1		7,5		0,535714286	0,038265306			1,357142857	0,096938776	0,006924198	1,555459477
15	225		225	120		120	1240	120	195		21			1		8		0,533333333	0,035555556			1,4			0,093333333	0,006222222	1,646527763
O(n)		N^2			N^2			N^2			nLogN		Sim		Nao		Sim			Não					Não			Não			Não			Sim
												Da prog aritmetica	Tende para 0,53	Tende para 0					
