9527024
13392319
4476843
13022042
18788528
9110217
21181237
7414153
13038426
18962853
2955759
17734059
17378855
74155
13344478
16391888
1259696
8245801
3228388
21364081
8992908
13101341
3019329
5472330
5105330
10384886
3178581
10553313
6951471
2611042
14963210
119374
14032603
9782613
19479930
4144577
5807873
3480700
17776657
3685827
11354159
11953155
18899939
1597860
7269319
10335079
6862342
6221403
12244134
15418683
2599245
9241943
5853748
20581585
4176689
6701124
18517866
18504103
7226721
15530749
20176574
4964429
17712432
5727919
19055914
18081398
1316712
1192849
19552019
20392187
3663545
11656278
14378631
253723
20600590
5753478
3601941
14062094
3078967
17188147
964130
8895915
5349123
14203651
20120214
6083778
2021220
10865263
1189572
12856237
5474952
7416119
13831408
6343955
9164611
1983865
10069659
1341615
1770874
4507645
21419131
9224904
7222133
15979013
9094488
6813846
9006670
11248646
4179966
1739417
14435647
17336257
4229773
12464334
9909752
3372566
5472986
6564810
19899358
17717675
2177851
1960928
20681855
9200001
10213182
9648920
7465926
4242880
10798416
1134522
8872322
12415182
319258
8614767
3816243
10032304
20734283
4248779
7212303
18591921
12846407
10156166
358580
4909379
11204082
21055408
15385260
6281696
7529496
19386869
6666391
14261978
1418292
8429956
11854196
20383012
16186106
21134051
20694962
15110665
18792460
8699308
11322702
21231044
15629052
17601021
1692231
17393929
5411382
743274
17508616
4802555
18009309
15032678
17580705
8350003
6352475
741308
74810
7500005
13522735
2320063
8485661
17699325
17098363
4545655
3092729
16981054
1702717
7460028
3915857
2968211
5432353
7893219
19970137
3780854
3914547
17106227
20506219
5940255
437878
18574227
21384397
9313377
14116489
16918795
5394343
401178
12392244
17588570
7374176
11060559
16727431
2386254
18505414
11006164
19758457
19630007
19170601
15942313
7180190
3066515
9499499
9343524
1822647
18141036
3383708
16777238
15155885
12880485
5423178
16696629
16956150
8211722
996242
5117782
1655531
19721101
400523
5478228
4393613
1430744
16925348
18981203
16456113
5540487
19806953
7357792
18190843
11200805
21107181
10730259
14651915
2800440
15325622
20065164
12898180
8535469
16701872
7544569
19474032
14030637
20389565
13514215
18459539
20119558
3599975
6146037
8628529
9226215
7657946
13772426
17153413
3569174
9040749
9793099
18061737
1091924
6879382
7179535
16490847
15292199
13541740
14267876
12189084
4863504
10683729
8211722
17419488
5212809
8361799
7293567
14503804
11545523
11912523
11916455
6693916
11478021
12695019
2841072
4653134
17525655
685603
2722452
16346668
3500361
7654013
2962313
11462293
3181858
7096305
19619521
14054230
17606264
1785947
15990809
15379361
10812834
17745200
20008148
10924900
5452014
13369382
2272877
3922411
21242185
2332515
14676819
181633
17986371
12453193
5105986
8336240
15642160
7359758
1443851
5900934
16285720
15895783
15942313
14090274
7829649
16288997
19601171
5581119
17939841
13295982
3322104
2900054
4085595
5666971
3033092
5729885
20624839
2978697
19665396
18917634
19343616
3923066
11818152
12749414
3537061
9192792
20831931
1375694
20902710
2540263
4822871
6518935
6657871
16092390
21223835
6468473
14412054
20223760
12247410
2548783
8705206
11776209
4619711
2418367
14425817
19437332
20959071
9451658
11771621
13538464
20219173
10820698
6904285
18890764
2088067
10574939
10538895
9902543
12945366
14456619
11042209
15445552
16473152
12733685
17863820
12715335
10759750
18108923
4185864
16074695
11403966
11734921
17884136
4550243
3279506
4689834
10506127
8080651
17337568
3537061
18449053
17643620
5617164
1426156
9808172
17902486
14431715
19563160
9596492
766867
6786321
19882319
10097840
804878
5781003
14377976
21346387
10908516
17437838
20139874
4712771
12423701
18166595
13747523
1651599
21088831
2159501
6512382
7306019
17927389
8866424
7683505
8409640
10035581
18477889
18568328
14345208
4506989
620723
17971954
6879382
11592053
4205525
17467984
2514704
10651616
15281713
18064359
2639877
16485604
7709063
11202116
3960422
7787706
20881083
5969091
16173654
5634203
2103140
10721084
1685022
20818824
20968901
15414751
6445535
7602240
13508317
10222357
10160099
15137535
7048464
836335
1177121
8429956
5039139
13071194
19041496
1057846
10335734
4230429
4322834
14457929
10436004
17452911
14725970
12090780
16616020
2561890
2862699
10472704
1941267
4718670
15332176
4032
1891460
15558929
8494181
6427185
7826372
16302759
11729023
11736232
2934133
1443851
5371405
954299
7112689
18586678
7885354
3925032
7977760
13043014
18639762
11981991
9517193
6665080
10214493
3716629
11164761
12988619
3120254
2663470
19966860
3419752
8869701
14564097
15980979
13720653
3110424
3264433
16537377
18337643
15408852
10602464
9170509
5433009
3487254
20983319
6237132
9002083
6505173
19614933
12491203
15545167
8980456
16884716
8313958
17073459
9933345
15408197
19045428
20539642
8018392
14362247
8034121
6306600
10696836
6141450
7458717
10806936
14415987
17015132
9782613
3897507
20909919
17969987
12425668
15221420
15116563
15108699
17683596
8292331
12767764
16948941
15407542
21032471
17251061
16190038
8172401
7056328
15272538
5415314
20549472
3809690
1246588
13968378
1883595
18899284
9620740
13684608
15168336
3027849
16202490
2826654
20114971
9539475
9824556
8532192
8090481
7054362
9521125
16491502
11763102
3523299
6419976
19105066
16984986
12628173
13551571
19069021
8427990
5453325
9501465
7821785
4693111
1118138
2061853
13505696
13768494
9808827
19278080
1652910
779319
3368634
17829086
2415090
13650530
13438849
10051309
11339741
280592
16901756
13005003
16013747
21195654
9275367
13513560
17722263
4729155
11707396
3549513
13885803
6400971
4197005
721648
3696313
12166146
3137949
863860
4190452
10977984
18110234
13711478
10337045
20584206
20119558
21271020
15221420
18915012
21283472
9892058
2426886
1836410
11614336
1538878
5229193
12265105
3218558
20506219
15844665
17820566
13472928
7004555
11154275
18874380
1257730
387415
6990137
6484201
17319218
2147049
20863388
1738106
3019329
13267801
5538521
10751886
13921192
21122910
19879698
19472066
1851483
1006728
12187118
12846407
17766827
8137012
19313469
13664948
12014759
17210429
6454055
18263587
8429956
14820997
580746
17667213
645626
1835754
112821
2835174
3464972
3021295
13134108
13736381
15690656
20176574
7416119
2072994
5143341
4598739
17171763
18346818
15861704
21357528
17997512
20649087
14289503
15483563
8211722
9126601
3937484
18270141
15411474
19736830
3860807
10520545
15496015
15535336
12412560
1758422
19832512
3657647
2580240
14691237
17183559
8223519
5944843
18545391
4586943
12588196
9456245
15952143
8549231
16551795
1222340
4889718
8642947
21307720
18362546
20352865
8440442
1842963
17726850
20209342
15566138
1693542
2350210
13192435
3999743
1747281
9698727
202605
6953437
20113005
8021013
19504178
5440873
8859870
15541235
17313975
18551944
4638061
16357809
6158489
17610852
13084957
9255706
17753720
5792144
19608380
20993804
12139277
14238385
14469071
12263139
1432710
12647178
16735950
1785292
13069228
762935
6506483
14634221
570260
21059340
7663188
8447651
13899565
15427202
15819106
6380000
7301431
17796973
13712133
10650306
4707529
4200938
4932316
11424937
604994
21048199
7587167
8495492
15804033
20514083
3221179
16890615
8124560
2318752
18815398
16830977
14475624
19654255
15054304
12439430
9620740
4295309
16393199
9296993
8411606
20914506
5784935
10825941
4158995
3690415
19598550
15385915
12234303
14735145
8540056
6707678
4828114
12997794
7479689
5429732
5976955
1373728
8201892
2569754
3925032
13128866
13557469
14503149
14356349
10785964
10618848
15849252
15991465
17589225
19213855
11308939
6189946
17816634
17854645
2857456
5415969
10483845
10810868
5970401
515865
10399959
16867022
121341
20740181
16059622
7294223
10186968
14330135
17492888
3077000
10723050
20255873
20609110
15312515
72189
2271567
10843636
17365093
688880
11677250
4427691
19233516
10523822
3004256
2722452
3212004
5444150
11959709
19411773
6060185
17536141
19848241
17478470
20858801
2723763
20538331
11637928
3766436
16460045
728856
1369140
2447202
2915783
5992684
11698877
4204214
17057731
3350940
14233142
14493974
13248141
13502419
5606023
6810569
19761733
8716347
15838111
18399902
4645925
6555635
1645701
11307629
16093700
5769207
19974724
9448381
10135850
1249865
14018840
2352176
13244208
3557377
15020881
18900594
11177213
20742147
6222059
12030487
18385484
13866142
16031442
668564
19955719
20171331
8903124
2502908
4193729
4331354
12143209
10576906
14035880
18275384
4186520
19763699
5905521
15284990
2563201
12503655
2545506
6206330
5948775
17234677
6311842
10865918
13762596
20063198
9150849
20092033
13934955
14889810
16705149
1234137
11985923
15488806
14756772
12271003
13505696
14116489
10192211
6421287
11713295
10785964
10277407
15123117
21021329
11888930
8011183
12120271
15014983
14931097
9129877
17671800
3056029
6895110
18212470
3324725
18005377
14495940
19469444
5934357
13054155
19078196
19971448
11386271
19990453
10641131
19110964
16690731
8535469
15232561
15009740
2702792
13819612
5105986
19025112
11405932
14594899
19816128
17278586
17042002
397246
21096696
679705
21265778
10904584
2963624
2374458
18645005
5880618
8747149
6383276
4992609
14678129
18141691
9964802
18449709
15661165
224232
17566288
20727730
15996052
9631225
12674048
16459390
18403834
20554715
7547190
3311618
1710581
19979312
2401327
485064
9823245
11881066
18451675
5961226
3514124
2845659
14900295
1259040
20616319
7352549
4604638
4396234
19840376
14351106
6718164
10643752
18234096
17796318
713128
15033988
4876611
9817347
13990660
20643189
4605293
17710466
13575819
11859439
10581493
19009384
13276321
11403311
9177063
9099076
2368560
7037323
9265536
12669460
21297890
17062973
20211964
12833300
11936771
16102875
19507455
18699400
4092148
11755237
4666241
9006015
8128492
15091660
19998317
15543856
3592766
2299092
16657307
19563816
16460700
18473957
16401718
10789241
9203933
5467087
7964653
11078909
5765275
20180506
3522643
4338563
3852288
17199288
6286939
4223220
10747298
12477441
16053724
7957444
12724510
16714324
17011200
3385674
21007567
18262932
10216459
13814369
4365432
5514273
13566644
4141300
1589340
7935162
5777726
19399321
9209176
16865711
16362397
14134183
2117558
1480551
16006538
1430744
4573180
9852081
2607765
1492347
10920313
12191050
1787913
10565764
17080668
13068573
12093402
6980962
5108607
3792650
219644
355303
13021387
2569099
19434710
11881066
3339143
11327289
19670639
13218649
6147348
7981692
2267635
12565914
13892356
17758963
1949131
14771845
17825809
17298247
12136000
1123381
6902974
15792892
1903256
20742803
18403178
2459654
11833880
2348244
18129239
18702677
4630852
1092580
101024
1312779
16083870
16783791
19177810
20141840
3077656
12302460
9648265
19713892
20149049
20137253
5170211
10341632
13889080
20963003
11801112
11482609
17030861
19059191
20658262
5715468
10049343
19954408
13236999
621378
17348709
12980755
16432520
5998582
6531387
7726758
17346088
2211929
7482965
12312291
9663338
7750351
19778773
2479315
3172027
21156988
17771414
5647310
10496297
9810138
8398499
5330118
14416642
21394228
121341
4806487
15762745
10693559
9810793
19865935
14904228
15905613
8951620
17409657
5372716
19413739
410353
20683165
4427036
19825958
19747316
11389548
5818359
15303995
16113361
21250049
8428645
16970568
7996110
306807
6031350
7153321
17885446
4871368
5944843
4213389
9333038
13231101
4784205
19869867
17656071
19392767
10554623
6332814
10576250
13625626
17816634
8665229
13641355
6160455
3690415
18382207
15238460
3451865
1753835
1410428
14252803
7468547
20956449
4434245
4354291
11838468
16925348
18188221
264208
885487
4908068
17114091
7362380
11287312
6329537
4266473
18511312
4698354
4115741
8439786
3877191
19084094
6772558
12721889
20580930
3506915
9836352
19152251
21412578
18869793
19097201
13931678
4828770
16084525
10121432
16394509
21049510
3002945
9943831
19137834
10758439
4870712
3656991
2514049
527662
6865619
2095931
2687063
8712415
13621039
16290308
8433888
14130906
6273832
17187491
9485736
6995380
17843504
12865412
14548369
1974035
104301
21090797
18185600
11354814
3399436
5016202
13891701
8530881
20445271
841578
11056627
8625253
15572692
11319425
2822722
17292348
5843918
1295740
14338655
17477814
6822365
20136598
6612651
2859422
10097840
14149912
1688299
13008280
20068440
19557917
11077598
7195919
16450215
19966860
4321523
4330043
20336481
8561028
15007774
3818865
1424846
11413141
19828580
7480999
18989723
10850845
10117500
891385
12085537
19179121
20310923
21009533
18114821
5487403
17368370
18156109
20494422
11735577
16891270
4252055
11277482
10519234
7864383
2124767
6340023
12520694
8793024
8610835
19169946
18978582
8969970
1654876
10034925
5068630
10268888
10874438
9840284
1983865
9095143
2605799
5966469
12614410
5048314
6919358
4134091
430014
4760612
1410428
3914547
8587242
112821
717715
1289187
4609225
18125962
16901756
13567299
1589995
6984894
17511893
3847700
8319201
20570444
18925498
982480
15682792
14971729
12289353
13044980
1228238
20019289
9962181
8799577
8931304
20774915
17175695
16140231
6876760
11367921
2057920
10695525
9387433
7099581
12331296
8648845
15988188
4747505
17914282
15488151
17525000
20586828
14282294
8517119
8359833
2797163
8765499
12860169
18743964
5463811
16616675
19297085
20396119
12822159
11159518
18408421
20027153
15695899
19257764
6742412
570260
7960065
5779693
3261156
3381741
11056627
17474538
17674421
11169348
9132499
15171613
8920163
10816766
10219081
15054960
11624166
3230354
8628529
10878370
17823843
17257614
21051476
18683016
6539907
2178506
14478246
16541309
9129222
20887637
5798043
13526667
1698785
16977777
876312
20403983
6446846
7332233
10016575
5941566
21409301
16394509
878278
19352791
10143059
2422299
4283513
4421138
340230
15312515
19238759
1215787
7489519
20266358
18495584
3245427
4390991
13415257
1629972
15648713
17709811
14013597
10420931
11753271
14017530
970683
10548070
11479987
125928
1091269
5369439
406421
144933
10256436
6621826
20333860
11947912
19336407
13060053
21329347
13508317
19341650
8417504
20823412
14410088
21380465
863205
9422167
8241213
8876910
7963997
20168055
14458585
7944992
9312067
15641504
1005417
96437
7075333
9651542
5106641
13499142
1859347
13478171
7321748
9600424
2672645
8663263
5111228
8695376
7236551
8764188
12799221
6828264
6998657
4045618
4701630
20247353
17527622
1839686
731478
3060617
16832943
20981353
10623436
17263513
7048464
16828356
14592933
14255424
17600366
3285404
18709885
15011706
7587822
4750782
19205991
5099432
905147
18507380
21348353
9574209
3804447
7017007
11556009
7537360
16958772
14745631
6889212
1082094
13841239
20956449
16176931
5763964
4209457
9643022
15435067
19639182
11561907
18360580
8060990
17175695
18933362
2892845
14769224
3601286
12534457
9650231
20786056
4203559
5811805
20280776
4460459
2663470
1637837
3362736
10369813
3584247
11417729
10083422
4538446
18561775
2938720
11266996
11716571
614824
3107802
21326726
14639463
20257183
12666839
13217339
7839480
20837174
1978622
19657532
8053126
4752748
10036236
10586081
5777071
9665304
14504460
6544494
3610461
17642964
2963624
17960157
18558498
15338729
20537676
12314912
672496
4555486
1307537
14571962
17638377
9490324
17684907
5979576
13442126
8867735
3530507
5787557
6131619
11047452
14682062
1009349
11317459
7041910
18259655
1377004
19566437
19539567
16712357
13479482
1521838
4333320
13366105
17952948
11212602
15521574
2673956
1418947
17779279
4345772
7317160
19657532
8530881
6623137
1767597
117408
15036610
2736215
2152292
11867303
3866050
11865993
11708707
2422299
13830753
5084359
15777163
8726177
8891327
5708914
16257540
13512905
382828
4493882
20309612
3367324
15097558
15105422
16174965
991655
11907280
4830080
1219063
5242955
10654893
4495848
9174442
19453716
20601246
3691070
8411606
15712938
10693559
21179926
4765855
15617911
2846315
21009533
5990718
6317741
15112631
21257913
9580108
1219063
364478
1499556
14613904
7112033
1277390
20367283
4633473
13829442
1517251
20422333
9567656
4404754
16046515
10894098
441155
15947556
7828994
19602482
4068556
12988619
2042192
10704700
19652944
11514721
6556946
18565052
17134407
722958
2416401
7197885
7212303
14791506
21102594
6239753
11928907
9081381
13965101
11409864
11631375
447053
3055374
7150699
19323300
18679739
3991879
7431192
14622424
6654594
16822457
21430272
17187491
10766304
5012270
11880411
10364570
4651168
8188785
10483845
16370916
9918272
8137667
7218201
12305737
7197230
15793547
14169572
9784579
576814
20199512
6588403
8948343
7930574
9480493
12980755
20803096
18062393
5449393
13972310
18965475
9300926
21245462
7649426
14765292
6052321
12478096
8502701
9411681
10236120
10432727
15541235
17169797
20340414
13910051
17361161
20629426
17971954
45319
5307180
9067618
5784280
17216327
19560539
3928964
19613623
11738198
6020864
7678917
5431698
17152757
2735559
16287031
20808338
14225933
4247468
10103082
7262110
4564005
1141731
20448547
1201369
13964446
15602183
14880635
8360488
10091941
7495417
20570444
1424846
8928027
8662608
14019496
17347398
10978639
16336838
18010620
19500246
20236212
3367979
19927539
16548518
1610312
5665660
2019254
17296280
8351969
304840
19857416
12744171
13067917
7147423
18272762
15572692
17447013
20046158
8207790
4706873
17241231
7216235
14608662
19908533
11073011
16333561
10762372
17844814
16169722
1179742
825849
13739658
418217
6684085
14981560
12684534
15954109
7060260
7163806
18503448
14197097
12413871
21090797
10780066
14087653
17694738
13249451
6149314
17530898
1343581
20687753
8566270
214401
19948510
19316091
7599619
16048481
4985400
10248572
1262972
13250762
16603568
1998283
9153470
1614244
2196856
18055184
9468042
18665321
7994144
12390278
1891460
18849477
20259805
15695899
1061122
13920537
19263662
8361144
12299839
8852006
2426886
14785608
9060410
18491652
1468099
935294
6718819
9935311
270762
5310457
15945590
12879830
14526742
20820135
13233067
6717508
3646506
14765947
12462368
19899358
4844498
12461057
10016575
7382696
9565690
8920163
16161202
6112614
15109354
20684476
9639090
5508375
7846688
20748046
6718164
11429525
10226945
4223220
17207807
19749282
12407318
13611864
14272463
12965026
6592335
6251550
12667494
18081398
9340902
15563517
17163898
17061663
10766304
16230670
205882
5805251
15044474
9367772
14163019
14407467
3790029
16964015
17403104
19585442
8190751
7752317
13478171
13005658
14082410
2132631
18205916
6069360
14704999
13221926
2980008
20139219
21222524
7246381
16290308
14571962
2150326
12776939
9002083
16280477
12740239
3698279
16359775
16640268
13024008
7522942
7507869
6851201
641039
20986596
12550841
18204605
89228
12755312
9737393
1500867
19141766
3182513
10996989
13360207
7986279
7039944
214401
6808603
17717675
949712
12132723
15992120
13936921
2092654
6290871
10934730
14526087
11904659
17147514
18920910
7348617
18700055
20046158
3161541
16300138
6206985
15658543
9424133
7684160
11644482
8775329
6865619
5340603
8511876
19012005
19649667
20588794
1320644
14054230
18528352
15102801
76121
10371123
18655491
18176425
4024647
17276620
3125497
15186031
6084434
4860882
11143134
7900428
18619446
1137144
10306898
13758008
3124186
5027998
20764430
18210503
5139409
13805849
3353561
12341126
11875168
1928160
951022
990999
5674180
21038369
2204720
6233200
9957593
377585
16863090
15859083
20970212
18665977
3680584
9083347
8514497
3936173
11263064
9127256
7830960
18921566
1028355
15731943
13377901
2578274
13307123
3466282
18787218
17977196
16889959
10683729
21121599
5992028
17164554
11084807
11590743
9113493
20840451
739342
7068780
15145399
2903331
14016874
15729977
20047469
10675209
7358447
12615066
18007343
13749489
11516687
11715916
2626770
21218592
18766902
9753122
9426099
10545448
5714157
17068216
4370675
17700636
9160679
15243047
13697715
18802291
11428214
13917260
20583551
17314630
3554100
3453831
2440649
9999536
4244847
18886176
20944653
9435274
16456113
4423759
8428645
11057938
121341
16060933
260932
18116787
14710242
601717
5885205
12485305
8832345
10766304
10424863
6210917
11867303
8798922
8211067
18787873
11568461
10855432
1787913
7655324
14914713
3772334
18073534
4938214
5653209
21425685
10814145
15484218
16646822
5547041
1650944
15106078
8983733
10008056
6817778
12113718
12186462
8368353
15888574
17117368
2738836
14022772
20563890
13043669
18199362
8966693
16317833
6556946
5618475
3962388
17849402
16613399
8884119
5303903
11151654
16916829
442465
17692771
11995098
10120777
4978846
8734042
3320793
14322271
13759974
7529496
7224099
10847568
15123117
5165623
21092763
20422333
4866125
1382247
9144295
13122967
1382247
15541235
1049981
12482028
15203726
19624764
16447593
13240276
19252521
19420292
17351330
8696031
19802366
5384512
15286956
4843187
16751679
20826688
19755180
16597015
17622648
4477498
19289221
9206554
1273458
20149705
3822141
16363708
17211739
15170958
4881854
11569771
15842699
20936788
12010827
496860
3567207
1687644
21098662
18260966
10688316
7161185
8599038
5446116
15063479
7030114
1421569
19872489
18144968
19810230
14993356
6333469
8309370
61703
7807367
10803659
8119972
10669966
11500304
18369755
4863504
15170958
4950666
757037
3934207
10185002
13575164
18421528
4415895
4722602
2299747
18175770
7586512
8085238
438533
8850695
8021013
5564080
5490025
19730276
13588271
19236792
18170527
8869701
1070297
18319293
13406737
6499930
4020714
12592784
6319051
16378781
3373222
7469203
17932632
3255258
10688972
3885056
13737692
4689834
14545092
759658
6381966
8207790
8169779
11417073
9086624
18578159
5033241
8751081
9566345
20611731
2814202
3803136
16142852
4581700
17197977
745896
2221760
17355918
17062973
11453118
15569415
19791224
11382995
1508076
20869287
7408255
12014759
15254188
21164853
3094695
15317758
8133079
5186595
13780290
5963193
20476072
8480419
10811523
18500171
6235821
7134315
4487329
2333170
15248290
17911661
14782331
19597894
21039679
16223461
8732731
6210262
6878726
2786022
14520188
12100610
10084732
2211929
10286582
599096
7177569
2245352
12466955
15608736
5582430
3437447
4615123
11268962
9724286
16178242
2668713
2437372
12495135
3084865
4999818
2481281
2027774
11675939
15820417
20167399
5933046
1413704
19138489
11627443
12589507
18074845
5938944
16246399
6404248
4766511
17683596
7379419
21059340
9937277
8150119
8860526
18154143
17266134
2108383
8216965
10666034
7461339
9253740
2797163
2409192
13718687
93160
10373745
12592784
7779842
3506915
15366910
14359626
1105687
9907131
4359534
13449990
4839911
18882900
19108343
9973977
18327157
1165980
15646747
5020134
11970194
6422598
16028165
9823245
9789822
14905538
19189607
4474221
1228894
708540
7149389
18639762
2320063
19382937
6952782
2111004
17237954
14589656
7696612
1236758
5593571
15520918
15176201
8416849
14529363
11750650
536837
709196
1143697
5451359
3993845
7174292
19695542
75466
21157644
12346369
19957030
17427352
18920255
7888631
17052488
9586006
9103663
21303788
8005285
15312515
11413141
4267129
8787126
19377694
5698428
10735502
16581286
14762670
5725953
10539550
13362828
5350434
10848879
4828770
8774674
19555296
10742055
3828695
2185060
1361276
14334067
17885446
12227094
14292124
20396119
8793679
10751230
2001560
8308060
16825079
16876197
13472273
16775272
2415745
16260161
7642217
2477349
4483396
4233050
16613399
18858651
4010229
11181800
18477889
20500321
8959485
814053
19744039
5088946
6859721
15081829
20519981
13159012
483098
5415969
18842923
10432072
9165922
3238218
6482235
10450422
14980249
4967050
5225916
11364645
15478320
9736083
10091286
18653525
11887619
14542471
17302179
6827608
8590519
18497550
3491841
5986785
3080933
12687810
12480718
15959352
20759187
7325024
1353412
19797123
1960928
8274637
10198109
14092896
3599975
16098943
6591680
5785591
7429226
2671334
12138621
281248
12044905
2913817
12468266
16462666
1285910
19015937
310083
3087486
15182754
3544270
18110234
14269842
2004836
5330773
12955851
3156954
21164197
14425162
14497251
20978731
3073724
19486483
19148319
8798922
783251
7165117
5353711
12080950
10659481
8840210
74155
5404828
17747166
10164686
19980623
7129728
8796956
566983
789805
14920612
7309296
21124876
10664723
12449916
2422954
15511088
2130665
7684815
19278735
8138978
21202863
9474595
9403817
6195844
20784746
10220391
2020565
20837830
3781509
10194832
1566403
12259862
8043296
966096
7887321
3580315
14346519
7919433
9470663
17941807
19669328
1962238
4059381
19340994
13372658
16617331
4382472
5507719
12643246
1426156
18924843
3843113
2181127
5568012
8416194
11376441
20398085
7855863
1236103
16291618
873035
8500079
3348974
13124278
19359344
20922371
14807235
20348933
18219678
20662194
3184479
12445328
2177195
5049625
17139650
11388893
13489312
5952707
11285346
13429019
21429617
15990154
16542620
17586604
554531
14109280
12404696
3514779
10527098
7980381
6446191
17795007
15089038
21409301
21088831
1560504
4583011
8636394
20519326
12430255
9291751
10276752
14649949
1218408
9638434
17370991
7927297
11135270
17730127
8625908
8416194
2896777
14150567
13864831
1189572
1664051
14483488
3038334
15545822
5453980
13910051
12173355
18285214
7339442
19926228
4950666
20270946
580090
7424639
10145025
21128153
18353371
6190601
12147796
7507214
12807085
4729155
5944187
16313900
11644482
9323863
15897093
5887171
13362173
6666391
17262857
18966785
16416136
18639107
10759750
15368876
8495492
19059846
17314630
8530881
10536273
8343449
7091062
12687155
1652254
15893161
2363972
5355677
12894903
4056759
3275574
13176051
1268871
1799710
18988412
10386852
6650662
12434187
3591456
17167831
9787200
2085445
752449
1219719
15479631
7154631
17291693
12761210
15350526
1739417
15587110
6002514
10717807
14235763
17412934
13484069
7655980
5247543
460815
18968096
14452687
17490922
9647609
2008769
17967366
2448513
14124353
15275160
12035075
6262691
17998168
16133022
11492439
12240857
20100553
757692
17587914
15100179
8694720
11962986
18663355
10858709
15950833
10664723
13362828
5061421
10063761
19688989
11402655
2420333
14905538
14448099
20620251
16131711
20344346
12136655
18302253
16998748
8701929
5776416
1399287
10947182
4073143
1487104
6256792
14741044
19005451
20062542
20670058
11107089
20016012
20571099
1011315
18154143
1193505
15097558
3147779
10688316
8180920
10209250
17113436
119374
8521051
1322610
8186819
10554623
9008636
20622217
12029832
74155
15371497
13729828
13441471
1663395
20183783
18241305
14741699
17391963
889419
11282070
1850828
4743573
6446191
6589714
20805062
4084284
13830098
4501091
8366387
16022267
19464857
10259057
18941882
21250049
3857531
3210693
19038219
9320586
19749937
7882733
20316165
920221
20611076
20645155
1630628
15996708
1890804
7385972
4594152
15249601
7429226
5081082
3350940
3565241
15111976
5800664
19016593
784562
5777071
21116356
15037920
3956489
14708931
5455946
976581
11544212
18765591
14874737
9831765
18977926
16816559
641694
11310250
13082991
6203053
647592
6007757
3620947
19643114
20642533
19292498
12094712
11177868
3269020
3639297
13113137
13283530
14391738
12447294
6161110
10154200
13905464
9848804
19793846
13693128
6249584
1663395
11354814
1976001
2219794
2319408
1112896
13446058
7503281
7520321
17358539
13654462
6381310
2857456
19571025
21079001
5713502
6351164
20430853
1466133
272728
3327347
15440965
17218293
10432727
7836203
5372716
12433532
10344909
1635215
20925647
20765085
4969016
6431773
5337327
4895616
9669892
18924843
1195471
7442989
18950401
21387674
3265743
15351181
18683671
12088159
9493600
2828620
21030504
10590668
18536871
5876685
4611846
3701556
12064566
6264657
18297666
1852138
13775048
14864906
9057133
21375878
5680078
3360115
18775421
12120927
8344760
9807516
9840284
18319293
19736174
2649708
7347962
12337194
11997719
456228
11009441
11328600
2921681
10509404
21006256
2342345
14890465
4345116
17423420
6715542
2485213
8760256
1291808
2576308
12499068
14998599
1280012
14822963
13320230
20854869
3758572
5502477
1003451
15774542
10915725
2793886
12278868
8948999
12841819
15627086
7572749
17859232
13857623
352682
5900934
9879606
6360339
6294803
5219362
15058892
10989125
14997944
5666316
16133022
11974127
8020358
12875242
5689909
13820267
14299333
16672381
9815381
5265237
6232544
15615945
17159311
13697715
18259655
18256378
20788678
14506426
13501108
5683355
4378539
7393181
1081438
987722
15688690
2639877
15594974
15448829
8558406
14632910
10370468
17083289
4375918
20361385
6130964
13482103
18044043
1679779
9848804
8024946
20221794
7570783
2424920
7308640
3629466
11607782
3926343
10662102
17181593
16249020
21082933
9270124
20983319
7350583
14631599
11675284
5774450
17274654
13324817
15805343
15110665
7345340
18276695
8724211
19945889
21300512
17738646
148210
14044399
19849551
13660360
20601246
720337
19782705
15077897
4354947
3102559
12157627
7047153
3426961
4655100
3854909
484408
8524328
16571456
606960
21315585
16494124
6964578
18099093
15448174
6712266
17335602
3685827
408387
14986803
7965963
12991241
10657514
10375711
15402954
8567581
17120645
21187790
13370037
11413141
12173355
805533
17323805
15479631
11123473
8466656
17251716
9416268
11121507
2359385
21242840
9606322
2117558
13436883
9177063
19254487
6389175
18794427
14630944
10833150
5024066
3832627
5497889
18467403
7058949
4492571
17657382
8060990
12286077
17507305
18897973
19755835
16050447
20907953
393314
14321615
327123
14211515
9152815
3955179
16446283
19890183
17448323
6463230
3117633
19956374
8369663
16760199
3453831
5500510
1694853
7106790
16633059
5632237
12694364
21166163
19049360
15974426
11648414
8227451
13360207
15269917
5544419
21033126
17508616
11736232
9085313
15525506
2449824
7077299
5005716
4800589
12794634
13055466
4417861
20331894
6642142
8543988
6539907
9993638
13883181
14901606
11479332
6396383
20411848
5796076
14271153
7880112
5718089
1120760
4993920
13056121
13742280
18171182
10537584
16299483
18754450
14986147
9578142
18552600
3005567
14415331
14022772
11159518
7910258
6940985
19633283
8562338
17162588
14100760
11725091
1685022
13376590
17894621
7814576
15207002
2211929
9194758
986412
11708052
1988453
10856743
614169
19156184
7501971
6419976
12723200
9964147
11929562
16654031
6302012
15479631
9655474
18614859
8504667
4121639
20944653
13884492
9977909
7020939
18348128
5090912
16528202
19396044
10515957
15575313
14255424
11189009
12976823
18684327
12584919
4679348
11242093
18930741
18206571
15752259
10855432
1159426
18460850
9791788
582712
11460327
20464276
12478751
9253740
51873
9743947
11080875
18034868
11997064
3539027
1242656
16012436
12389623
19590030
8146187
3817554
17763550
6712266
7558987
18423494
13635456
8954897
5128268
5318977
7816542
8346726
6163732
19215821
47285
18675152
5427111
21147158
2850247
4150475
8337551
10804314
1513974
2120835
19837099
19674571
9587317
2229624
12329330
16641579
435257
4118363
2206686
3207416
54494
20820135
10153545
6415389
14353728
20445926
13269767
10417654
11659555
2811581
7802124
7191987
20201478
10331147
11346950
14089619
2991804
12122237
15938381
2503563
20824067
19007418
70223
14817720
2215861
3265088
11053350
5917318
17550559
2310233
17732093
8542022
11190975
1617520
17424730
8435854
17655416
19025768
11198839
21196310
8907711
7205749
9222283
14487421
12301150
17906418
2431474
17185525
11303696
8545299
19305605
16172343
10845602
13913983
10716497
3825418
15640849
20639912
3752018
13141317
2671990
9451002
9805550
9615497
1264938
18295700
20444615
13689196
18346162
4174723
5842607
771455
8206479
962164
13071194
17053798
10913759
7496728
21342454
15193895
14452031
17310043
16558349
19875110
8323788
10817422
6691294
19943267
19919019
20699549
10857398
3862773
97092
5393687
1291808
7627144
14994011
6497964
2902675
12052114
9216384
2887602
7480999
9566345
5449393
1763665
14615871
12987964
5642723
15659199
6722096
4281547
7829649
14661746
19905912
3823452
5044382
18257689
10691593
450985
15308583
8041985
2469485
8727488
9159368
18977926
18409732
15186031
19919019
4544345
5530657
15545822
2519292
5251475
8276603
12040318
5257373
1122726
1738762
1057190
5551628
20569133
7943681
13499798
17026929
15097558
12702884
1850172
12252653
7865694
5819669
1409772
10789897
4042341
5729885
16099599
5704982
20661539
4836634
13360862
13780946
3107802
18728235
15389192
8493526
7391215
3746120
5534589
20971522
7328956
19366553
2175229
17693427
6439637
13309089
18882900
11932839
6940330
13870730
5509030
17707189
261587
7308
4391647
2594002
3903406
18924843
15018260
6516969
8414883
14976317
16102875
3043577
9638434
4040375
3471525
13890390
11472123
14238385
20274878
10235465
2498320
19144387
16452836
4157029
6473060
14478246
7874869
14112556
16767407
13474239
7024215
7152010
630553
4543689
2375768
17148825
19605103
11483920
16665172
4889062
7722826
20691030
5821635
2895467
5414003
1526426
15302029
3447932
4224530
20505564
11995753
3841147
6998657
9759020
1721722
10915725
16964015
6463885
801601
10904584
2032361
15670995
20767051
7268008
20197546
12596060
21225801
3710731
15480286
9876984
11419695
13577130
7162496
18672530
19285289
15774542
9964147
916289
1162703
2841072
21368013
6657216
12263794
19829235
15027435
13991971
2382977
17507961
18770178
9110872
7924021
19844964
1390112
17235988
18829160
21248083
11803078
20689064
12313601
6155212
15588420
11719193
11807666
374308
1348824
8968004
18772800
9894024
16646822
6032005
19380971
14255424
18763625
3107147
21105871
20538987
16082559
4290722
20560614
1456958
20264392
2668713
7961376
2772259
5850471
7563574
16924038
7323058
20226381
7227376
2845004
12660941
17817289
7242449
9550617
16960082
12411905
16454147
20917783
5139409
14120421
13313021
106267
16389922
1259696
675117
7006521
19985865
16439074
10146991
16098943
2698204
14384530
13693783
12515451
16146129
1723688
11614991
9960870
7608138
10388163
18395314
9958249
20128733
15355113
773421
18515244
5625684
4097391
4940836
10816766
8646224
7822440
11818807
3006877
7403012
1221030
15011051
14284260
19432744
17676388
10720429
13938887
16202490
108233
7671053
1648322
17777968
13572542
4020059
14994011
19257109
17671145
17833018
19251866
12709437
18169216
10728948
10290515
14024083
10614916
6014966
6446191
14800026
19967515
4699009
2524535
4917243
14102726
695433
12765798
7393181
16674347
20738215
18217057
13455889
3927654
17867096
9778681
17151447
18312739
16450870
6800083
15933793
19075575
15486840
6257448
4753404
10054586
5196425
87262
1894736
7789672
11671352
15717526
5234436
3646506
9198034
16720222
3065859
19922951
1564437
5162346
2578274
5615853
4595463
12265760
6876760
15425892
16479050
18310773
11000266
9637124
8772708
3777577
12240857
19116207
3183168
863860
19333785
13056121
9304858
3784131
12863446
20436751
17259581
15001876
13257316
14628978
13702958
21377844
15442931
4741607
384794
5592260
10949148
14935685
5205600
1563781
6873483
8749115
534215
20055989
4782239
19490416
19369175
3518056
20766396
6870862
19053293
1420258
2349554
1574267
19326576
16460045
2643809
14984836
9274
13552882
16477084
18085330
20692996
14426472
10679797
3607840
4753404
18108923
4241570
5946809
15150642
13736381
364478
7034701
13364139
19235482
12679946
10695525
14817065
4288100
9134465
20409226
18684982
17682941
15798134
9734116
2676577
12387001
10835772
6853823
4931661
10557245
1224962
17440459
3792650
15940347
19821371
14659779
4147854
15224042
5865544
21164197
19628041
12655042
15205036
17985061
15758813
10002813
14649294
5801975
18735444
5022100
7382696
17939841
3970907
6393762
1551329
2538952
5288175
9458867
10600498
17503373
15966561
16611432
5506409
11419695
15140811
3716629
7471169
20600590
12875242
2331860
5004405
12504310
17931977
5811150
12813639
12390934
14810512
19396044
20846349
1186951
4411963
5326841
584023
6660492
1633249
126583
17579395
4720636
1288531
4766511
16036029
10006745
20411192
10769580
11627443
15525506
13597446
20646465
646937
10175172
5649932
17711121
21041646
13086923
1972069
1368485
17018409
10034270
20968901
21436826
7199851
10005434
2176540
5480850
14748908
21285438
20276189
21388329
1728276
14836726
370376
17545972
17753064
17903796
8917542
4970327
10616882
19089993
15064135
2919059
2877117
21115701
3490531
3674031
17658693
8384736
20700205
8160604
6685396
15262052
5088291
1554606
1314746
19238103
13501764
6432428
9449036
16667793
7434469
18196086
7942371
5273102
4845809
3279506
4347738
16347324
18442500
1084715
2228313
6745689
6585782
16244433
15675583
11295832
9296338
21316240
10213182
645626
8313958
14218724
1617520
16984986
5804596
21012810
18044043
11170659
11004854
9802929
6667701
18125307
21371945
14400258
12989930
8142254
9646299
4020714
5353055
8007251
3398781
12393555
16414170
1377660
10774168
19627385
17070838
9053201
7847344
14292124
1310813
8896570
20476728
8244490
19603137
10153545
682326
2158845
16539343
6338057
2869908
17881514
4900859
14066026
16334216
2309577
2364627
7909603
2318752
19543500
5339948
1591306
7455440
20635980
5952707
21173372
21386363
15694588
4550898
5815737
8753702
2090033
2280086
4517475
19571025
1084715
11993787
17234677
13593514
7598308
7628455
20580274
11373820
12156971
629242
20412503
14345863
7115310
13232412
5817703
5980232
7344685
8339517
11847643
13210130
18958921
18243927
15198483
3320138
7744453
16541309
20525880
3505604
15606115
11701498
18613548
3546891
4258609
14027360
2308922
7338787
3970252
10861986
612858
8461413
17737336
9798341
16177586
19313469
994276
5585052
19886251
14888499
11489818
16370261
16614054
6617894
11919077
2039570
13720653
21466972
21220558
3553445
13741624
8424713
11245370
15403610
13168187
5921250
8480419
15977047
21396194
12500378
12272969
11563873
17304800
1647012
17452255
3386984
7888631
17023652
10479913
12562637
20487869
15920686
12292630
7962687
21244806
19937369
15480286
713128
20833242
4487329
17812702
21461729
16484949
237994
21246117
7937783
9893368
9880916
5136787
6106060
7707753
20065164
488340
3784786
7977104
12535112
16275890
14788229
8112763
18093195
9091211
11605816
16247709
10048032
12212021
2584172
15657233
2885636
14066681
1938645
14459240
2507495
2832552
16752334
1393388
1977311
3357493
14056851
4326766
12704850
7758871
13609898
7868315
2902675
12430255
11772277
12627517
12400764
19856760
10955702
13982796
15019570
3229699
10352773
11091361
12332607
14377321
17687529
17283829
15906268
3509536
2114281
10772857
15324311
3736290
19796467
11569116
18554566
12632760
2811581
8783849
4290066
9075483
1249865
10118156
1659463
17423420
4075109
2131976
8085894
13036460
21254637
7194608
3655025
10704700
3691725
4248779
8979801
1115517
4289411
6647385
15427202
12524626
6362960
21251360
13875317
5703016
16003261
10253159
15289577
8163881
16402374
9407749
10101116
2485213
15670995
8737319
17389997
17674421
914322
7093028
20524569
2804372
8613456
18435291
4683936
17785177
16710391
11727057
289112
19847585
18765591
13260592
4178656
16811316
7055673
9722975
4667552
16056345
10243329
9677756
3804447
3397470
19853483
9118736
5271136
3533784
15606770
4045618
11554043
5324875
9760986
10466150
20321408
18294389
19844964
20007492
20668747
674462
18795082
1884251
652180
11293211
8105554
8249733
9722320
3476768
5288175
21219903
8300195
21317551
5374682
6640176
20553405
1715169
8388669
6139484
500137
6962612
727546
2402638
13391008
5398275
3860807
11983957
13645942
3413199
13850414
11726402
14579826
11407898
9531611
2807649
17078702
2740802
3184479
11732300
20027153
13986728
10880991
10175827
16515095
8677681
2240765
3975495
19446507
17907729
7430537
15469801
20582240
8183542
11638584
16208388
12545598
11378407
8133735
6681464
20762463
10113568
11942669
20924337
17165864
6054942
18705298
16410238
6246307
676428
11390204
6915426
4940180
15317758
20902710
12225784
13674123
8949654
21147158
10561177
698055
13749489
8176988
4462425
18504759
3280816
1034253
20951206
2019910
6681464
13273044
6370825
11603195
5117782
11945291
16547207
19583476
16519027
20400051
18432669
3350940
12256585
16621263
4521407
2090688
7326335
19671949
15359701
19704062
10667345
15962629
19837755
10829218
5372061
10548725
196707
4297275
10483189
5492646
19636560
21118322
7608138
18697434
18166595
13142628
20244731
9669236
16530168
16342081
212435
18899284
1394699
14731869
2358729
763590
21310342
9511295
1281322
231441
2867942
4202248
3035058
2964934
9810793
13815024
20316165
1716479
3580315
2081513
5742337
16631749
21307065
5128923
20392187
11073666
1536912
2023186
2086101
20387599
1900635
5308491
11854196
5736439
17540729
17869062
956265
8114729
15660510
7117276
19856105
7298155
17768138
15282369
18878968
17896587
7477067
19937369
11633341
20525224
10821354
7124485
8629185
2580240
19572991
67601
19725689
7268008
18624034
11930873
5277689
14409433
2673301
9179029
10198765
2642499
7044532
4339218
17219604
16533445
16412204
21127497
11237505
8412917
12481373
7777221
5796076
8583965
2921681
21358183
8205169
7169049
13432951
7308640
17912316
15351181
14081755
12358166
13185226
11396102
19500901
4745539
20701515
2980663
11953811
11055971
8359178
18598475
12755967
1283944
18040111
1865901
15496015
16694007
20916472
1316712
20630081
15036610
19429467
6742412
13744901
13594824
7373521
17940496
19702751
4611191
11556009
19048050
10523166
8827758
19754524
14823619
13967067
20862078
18436602
16808695
7412842
18871759
9381534
6885280
8403086
6988171
13929056
2369870
10884268
5271136
19894771
13948062
6714887
20078271
8718969
20597314
20637290
16994161
17889379
10483189
11748684
15101490
11144445
18708575
20624839
2611042
5402862
17639032
7123174
7395803
12183841
20164123
15710317
964130
6244996
15407542
5965814
12356200
16070108
11339086
6587092
1670604
12058668
18546046
16437763
20014046
9173786
13412635
10329181
12310980
16961393
15587765
9937933
4516820
17459464
17358539
19205335
10195488
11930873
7180846
20847005
11455084
16311934
18252446
5121714
14926510
3338488
14893742
12726476
909735
14842624
20054678
12655042
2584172
12699607
17548593
4904136
4573180
14025394
10861986
18540148
5127612
14682717
8345415
8467967
17113436
10477947
16009159
8597728
8476486
6650007
986412
7896496
8339517
2915127
14267221
14386496
14334067
16458079
6272521
9795065
13212751
1296396
17784521
2228313
8059024
5571944
643660
8420781
20527190
17177006
15131636
1130590
4383782
11079564
15521574
18311428
3864084
13798640
13659049
18648937
20653019
11228986
3843113
2228969
8918197
9179684
9386777
2384943
20538987
8385392
20669403
16534100
18023071
10102427
13258626
18913046
22382
7309296
9191481
15647402
21366047
13202266
4919864
5900278
899249
17585948
8180265
2793886
15735220
8740595
7294223
20823412
8857249
15794858
7787051
11629409
16677624
8540056
2779468
19936714
15303340
17734059
12037696
4657066
19665396
12179253
13192435
4980157
6708333
3008188
7378764
10546759
17623959
18819985
21336556
787839
10323282
14096172
9059754
6444225
10411756
20244731
13360207
14098794
2998358
409698
13577130
17712432
6247617
18051907
13071194
16525581
5216741
8626563
7477722
5606023
15084451
590576
814708
16112706
16754300
10645063
11063836
15331520
12450571
8471899
17578084
2723108
8712415
13386421
6673599
4667552
2620217
9497533
3342420
3491186
14868183
20966935
9224249
