7781153
20683165
7488864
8020358
382828
13732449
10286582
5180696
9230802
21138638
17627236
15653956
10724361
20640567
21143226
90539
4891684
11869925
12050148
3767091
3134017
2114281
5072562
12345714
12658975
2019254
11064491
4472255
10211216
10430106
20749356
13981485
15849252
21251360
8301506
3735634
1664051
10048688
17170452
8104244
3886366
19174534
14762670
2529777
1497590
19968826
7884699
119374
15665752
14408122
19639837
5512962
14614560
11808977
11686425
3854909
13813714
20843072
18251791
1647667
20524569
14577204
17467984
18157420
19321989
8805476
21185824
1194815
12686500
18118753
16180208
16909620
12648489
8487628
1704683
232096
19057880
18837680
13999835
16893891
9295683
12051459
17629857
1539533
17960812
14408122
5237712
8755013
9228836
18006687
13790121
5959916
6950160
11911868
12350957
8756324
13401494
3107147
13703614
17180282
9945797
6449467
21267088
16585874
17794
15044474
13292049
16986297
1146319
16119259
5290141
8057713
10846257
20869287
6129653
18359925
3425650
1569024
16119915
5661728
4004331
5049625
11380373
3154988
17622648
13723274
19852173
12208744
10068349
16533445
18513278
2037604
18928775
11327289
14840658
846821
11696255
14482178
20609765
16056345
20392187
14041122
1913742
4401477
19212544
6598889
7395803
16050447
10253159
11255855
234717
3388295
20019944
7603551
3916513
19913121
20817513
13178673
1411083
20717899
16603568
11131993
4519441
11472123
6735858
7967274
12194327
15079863
2789299
18004721
16889304
1640458
5141375
18187566
13964446
2491111
7114655
13496521
1405185
17097052
19301017
20363351
10792518
19470755
10030993
970683
6442258
16478395
12325398
6802705
15773886
13737037
14117799
5992028
5721366
13275666
10932109
17893311
18556532
6023485
9604356
7959410
17508616
18875691
18627966
16022922
19991764
7617313
7001933
14009665
11756548
20498355
17467329
9141674
5037828
15747672
7996765
17492888
13194401
15503879
15449485
15949522
4245502
918910
498171
12820192
13840583
16178897
10698147
1557883
7611415
15037920
20799819
2261081
17041347
3510847
1277390
19841687
9956938
12318844
3674686
16155304
19768942
1764976
19164703
4145232
16047170
5729230
227508
17707845
19082128
16157270
16585218
903837
5441528
639073
11884343
14468415
21270365
5422523
12729098
8667851
7404978
6309221
20338448
11441977
10731570
18129239
6929189
2343656
6703091
17859232
20185749
20567822
7433814
20293883
1896047
13810437
2407881
11651036
11286002
19194850
19686367
15591697
8167158
11206704
4958530
18523764
15292199
7878801
21074413
7184778
8285122
6387864
14438924
17172418
8960140
17178972
15970493
15927895
9561758
4010229
1531669
12751380
10466150
20499665
361857
4619055
13628248
6978996
20013390
47285
18087952
10675864
11258477
8945722
10145025
13853035
21278229
4497159
15991465
4088216
6986860
2679199
16140886
8186819
15149986
7786396
4179966
15241081
7870281
12514796
10669966
4251400
18628621
15707695
9648265
1820681
3361425
10110947
994276
20272256
7318471
10601154
14326203
16442350
12194982
10822009
5556871
669874
19865280
3109113
14554267
6750932
16363708
14058162
18162007
9414302
7384006
11459016
18818019
15490117
5163002
10585
17788454
7309296
7688747
11213913
5217396
7444955
436567
4225841
2566477
7768046
83985
5820980
10470738
10451732
20090067
12333918
4957875
9788511
20542919
3208072
6853823
12139277
1332440
18510002
2251906
8775329
394624
5798698
18044698
20405949
5777726
11470812
1540188
20780813
15713593
13955926
1435987
8477797
19211234
16834254
20005526
12798566
2531088
21364081
12293941
2230935
11732955
2580240
3465627
18271452
11594675
2365283
5540487
9142985
589265
12683878
5305214
8329687
14843279
20086135
5284898
3611116
8315269
13514215
3014742
12668150
15214867
4392957
19343616
11594020
2082824
11365300
18064359
17626580
8813340
15711627
20870597
15399022
7534739
11598607
2240110
6535975
14184646
6878726
18568984
746551
10555279
12691087
5832121
13493899
18376964
6427841
738687
17247129
12046871
13696405
4915277
18755105
11588777
14658469
10858054
16085181
20966935
13662326
10485156
7871592
3019329
20494422
11103813
1768908
7101548
2987872
8479108
1306226
17937220
10293791
6244996
4024647
6844648
11154930
9855358
11565184
11524552
11554043
19909189
20171987
16914207
17558423
17459464
13754076
161973
21185824
9099076
13862865
19603137
4603982
17047900
15457349
2120179
11641205
17621338
13144594
10711909
2756531
13946096
11184421
2411158
14881290
10076213
7197230
8694065
20160846
7965308
14668299
6224680
5018823
9177063
6813190
2056610
7153976
13957237
18684327
9147572
9133154
21012154
10928832
6824987
6005791
20625494
11238816
13020076
16756922
5931080
8050504
19314780
13427708
16443661
5180696
1522494
10160099
2448513
12575744
14535262
6830230
18264243
16812627
4348393
8050504
17601021
7164462
11707396
5472986
16705804
14970419
13741624
15330865
5898312
5904866
13613174
16195281
10128641
12375205
11083496
7745108
1267560
2053333
13054810
14034569
19816128
20084169
17645586
15848597
15473733
15091660
1997628
696089
472612
15360356
19176500
7652047
3641263
890074
4873334
12018036
11093327
8867079
548633
20909919
4257298
11504891
7194608
10012643
1982554
17908384
4556796
8181576
2690995
3335866
15697865
3073068
12470887
10139782
139691
17439804
12144519
2291883
13804539
7803435
6247617
11029102
10973397
21025917
6959990
3219213
5655175
2802406
10022474
9983807
10530375
15726045
8944411
11586155
19890839
3233631
18654180
8758290
13096098
7419396
4566627
12700262
8732731
19974069
10330491
18848821
17147514
9151504
15176201
18768212
7452819
10709943
7387283
7893219
15835490
9673168
19572991
526351
17351330
16251641
10960945
9812759
10158788
19832512
8114729
4098702
20270946
9619429
2749322
12151728
3340454
3534440
18034868
2093310
17265479
16256884
13882526
7166428
19368519
15399022
21114390
15828936
5533278
11434112
3206106
13381833
16844740
8244490
7321748
14752840
981169
2877772
17416211
3198897
20264392
19057880
6703091
1084715
20525880
19445851
10287893
15720802
17762895
3325381
6589058
501448
2652984
5851782
8180265
3829350
11864027
4898893
331710
1826579
9834386
9979875
20531122
16804763
8490249
17163243
17251061
17508616
4133436
18553911
17460775
9819313
8661297
7955478
4944768
7205749
12039662
20973488
17430629
10453043
2870563
842889
14925854
8056403
12818882
676428
5789523
19454371
11100536
19514008
4402132
20679889
1340304
4340529
6330848
10826597
18145623
2630702
5808528
15971149
10645063
9766229
5207566
9756399
18995621
11275516
19852828
19741417
8346070
450985
6378033
12165491
2477349
20334515
18618135
17507305
10460252
10633922
3843113
3589490
2004836
2460965
15778474
1553951
4655100
11968884
20987251
12944055
20167399
3992534
10643752
9935311
5022755
6887246
2282052
7922054
20424299
19546121
20792610
7112033
2171952
6536630
8319856
18557187
7382696
8874288
10016575
14221346
1895392
665287
5512962
16511163
2387565
13050223
12213987
16552450
2105106
5355677
2073649
1057190
321880
4897582
282558
13290083
15395090
16800175
14876703
12585575
14986147
10540861
15383294
16258850
8391290
21451899
17536141
9207209
19793191
8157983
19723723
19133246
15587765
19597894
20011424
14478901
19992419
11945946
9716422
1550674
19638526
19403253
577469
20847660
20207376
19191573
2980008
11067768
6136207
1426156
12274280
13894322
16129745
13710167
6544494
839612
21075069
3930275
12871966
9999536
10375711
4181932
9220317
2845659
16247054
6870862
19639182
57116
9546684
11483920
19593307
13889735
19447162
1100444
9099731
13978208
2506840
5020789
20816203
2390842
6716853
6572674
12744826
5353055
5761998
2802406
13973621
14503804
13489967
18066325
686914
7224099
4153752
13141317
21188446
14480212
12204812
7284392
4214045
637762
1611622
11249957
5507719
17629857
7347306
2797818
4808454
11365300
10160754
15155229
8226795
478510
4328732
11608437
19126037
5296039
20147083
3240840
9721665
17621338
2522568
18566362
14855731
12000996
16085836
17006613
7713651
9875018
12462368
20676612
1065710
4022681
16680900
19553985
12321466
12398143
11297798
10406513
13860244
4333320
10145681
3713352
846165
11165416
8308715
15364288
18818019
13937576
21059340
6221403
4089527
6128998
5731852
1073574
9392020
17330359
8113419
6471094
2082824
1912431
5218707
1921606
616790
1366519
759003
10481223
15777163
11915800
16980398
7827683
4027923
9034195
2318097
19439953
8138978
11429525
7190676
14658469
5263271
13374624
3156954
11666764
2682476
11531105
19871833
2168020
8775985
19569058
18011930
2428197
11410520
17566288
817330
11254545
20802440
8654088
18631243
9789822
8392601
1047360
10748609
19894771
13546328
2027774
19421603
12426323
13395596
13817646
11655623
4294654
20891569
10531686
15455383
6747655
6407525
14999910
20894190
13465719
575503
18428737
9065652
13018766
16639613
12006239
10274131
20999047
21173372
2277465
17644275
9011258
20938099
222921
1101099
5006371
793737
6178150
19705373
5915351
16684177
2019254
11577636
20013390
6799428
15690656
11004198
8833001
11474745
11802423
6895110
3095350
21350319
16976466
20390876
12161559
15488151
18916323
2325961
1464167
10271509
4932971
20976765
8403742
15062169
1017214
18681705
5446771
16084525
4755370
15780440
10397338
13375280
16766097
18980548
9643022
17496820
21013465
18686948
1067021
9394642
11295832
19592651
1597204
6323639
159351
16614709
3970252
979203
176391
10804314
6845303
2676577
21197621
20265703
16947631
12139932
9099076
8907711
18536871
8401776
5858991
10188279
2138529
15616601
5508375
3606529
4898237
6159144
542735
14370112
18267520
8457481
15457349
15476354
16022267
4134747
20706103
16720877
1285910
4385093
17657382
5788868
3425650
19008728
16054379
18557843
9399229
7374176
1278046
3765125
18108268
18665321
20945308
16880129
9077449
9383501
15689345
294355
14004422
17902486
17574807
6804671
18078121
12253309
18881589
16130400
8459447
5036518
5849816
8153395
4196350
9333693
18474612
978547
19900014
28935
790460
8832345
12187118
12744826
11408554
14437613
18931396
7936472
401833
18267520
3453175
18903216
1471376
1605069
225542
17982439
9914340
16149406
9814725
19677192
8780572
861239
3409266
5322253
15029401
11238161
42042
16227393
6785010
10744677
18524419
21386363
11524552
16952873
17515170
14059472
1536256
9829143
12286732
7739865
5342569
8167158
9178374
20755910
17006613
770144
10709943
20642533
4620366
9546684
11517998
3449899
7935817
14071924
1882940
7324369
3664856
14761360
6358373
20773605
840267
7178880
2492422
14446788
1831167
15766022
4836634
13902842
12225128
2465552
8917542
12692398
14341931
13282874
15941002
8298885
1692887
13166221
4694421
3218558
10630645
8498113
7003244
17493543
10269543
14934374
2879083
19417016
16430554
18916978
6458642
13980174
11507512
5994650
15932483
2515360
14539194
11002888
5279000
10162065
12234303
5543109
17552525
1974035
9327140
7298810
677083
13141973
16395820
11892207
3826729
13509628
18764935
2962968
10285272
3660924
2323995
6244996
3383052
13062675
15456693
13832064
13853690
3632743
20799163
2100519
15061513
14935029
9934000
19801710
15743084
17502063
5888482
11453773
1958306
3754640
18530318
18260966
13471617
19245967
7222789
13668880
6267278
19455682
1724999
15785027
1152217
6478958
6208296
12942744
19842342
8713726
9179684
1043428
7827683
14294090
3345041
12552151
18507380
1191538
16079938
6286283
20379735
2938720
11605161
13261903
9787200
9295027
9116115
21196310
5760687
5876030
20275533
14410088
8161915
16511818
21464351
16791000
11067113
1353412
15174235
17689495
2265669
11388237
9390709
14969763
19340994
1404529
12291975
12126169
21410612
2709345
21449278
10412411
12064566
14691892
18946469
4701630
779974
15893817
16028165
2541574
2127388
12023934
8372285
10704700
3643884
6170941
14446133
8692099
15791581
1941922
15093626
3818865
6023485
10667345
9761641
15540579
2177195
1607690
7505247
19219098
16897168
2526501
17867096
19119484
13870730
10382265
10091941
1654220
18561775
5416625
13141317
3092074
14404846
7557676
2849592
21284128
6308566
17443080
6385242
5606678
21286749
17204531
5928459
19759112
20046814
2173919
7319781
17042002
4744229
3898818
5893725
9950384
17555146
11198184
515865
9281920
14646672
7359758
2787988
20670714
18846855
8717658
20635324
10626713
20201478
599751
6188635
1127969
6262035
20951206
4878577
11588121
20763119
8454204
1735485
7235240
9781302
9044681
2447858
2220449
19747971
14048987
16983675
4058725
12485305
2367249
10881647
12130757
11965607
18274073
7401046
14550335
19758457
19742073
19095235
2857456
5848505
16047825
13486690
13261248
13072505
14835415
20879772
20622872
16155959
18205261
9188859
16017679
3082243
17507305
20358108
8178954
5671559
11658900
21444690
480476
10248572
20143151
7908947
5882584
12123548
8130458
5438252
1186951
15934449
16998093
13937576
11855507
9351388
9677756
12459091
14005733
12820848
3273608
4271061
16630438
18123341
19850862
6106060
10650306
4315625
19827269
3720561
19006107
15619877
14580481
14039156
20296505
17393273
7299465
18319293
1636526
8666540
1658808
13976242
20619596
21472870
6510416
13934299
16675002
13016144
18468714
4915277
3303099
11048107
17958191
15666408
16414825
3099283
3559343
5872098
20769672
15836801
14312440
5933701
8723556
4047584
14493974
3621602
20835863
16980398
20023221
7768046
424115
3865395
18892075
21234320
6185359
5507719
343507
9735427
7779842
7871592
10276097
6756830
3242150
11282725
10724361
11658900
5237712
20664160
19227617
14489387
12260518
16511818
5307836
19327232
5710225
20033051
19854794
13141317
3047509
11530450
13169498
9687586
14688615
8713070
10741400
8049849
20741492
21061306
16600291
16825079
8515808
15146054
12682567
5028653
15106733
15040542
3869327
16623229
1245278
276660
4681314
9104974
16103531
4666896
3200863
18110889
6805326
14005078
12947987
15213556
11500304
1553951
12055391
17917559
3854254
21455176
9319276
12302460
20441994
11767689
14999254
11090705
10688972
367755
5623718
867792
19378350
348094
4255988
15338729
12516107
8966693
420183
2432785
20999703
19567092
2941997
1326542
20255217
9541442
14310474
18023071
5536555
7018973
5088946
8179610
3179891
6108026
20565856
64980
5061421
5145307
4250089
14724660
17513204
2213895
7287014
9506052
18683671
7643528
3312274
17416866
15589076
15113286
20774260
21279540
16323075
12563948
5521482
14318338
1291808
17467984
18304875
897283
9592559
2934133
8192717
2497665
16382058
21314274
2774226
15928551
17993580
5227227
20575031
10326559
660699
3660268
9687586
17315941
16319799
10927522
19980623
14347174
19885596
17296936
10949148
20645810
13590237
18893385
17971298
19888873
2453101
14385840
14598831
205226
5827534
5242300
379551
4778962
15637572
5590294
16913552
11202771
17407691
14031292
20337792
5325530
7637630
17882825
142967
3289991
16255574
3662890
14819031
976581
3285404
1346203
18829160
12573778
3517400
7356481
10411756
5670248
1787913
7094994
9635158
1985831
20019944
6399660
9651542
808810
6005135
13550915
11881721
15714249
5090257
10088665
8891327
10506127
11458361
2356108
4223220
3461695
1656842
20247353
18849477
18456262
19501557
4761923
1700095
1724999
20440028
9163301
1953063
5599469
10227600
11120196
5159725
6370825
14196442
18321914
5626994
1203990
3953213
1162047
17777968
8958174
4974914
12865412
19103100
18532939
18021761
9178374
21324104
3535095
20784090
7167083
4709495
3919134
4808454
9347456
19524494
6853167
13465064
10562488
17745200
14018840
7161840
7760181
19694887
6108026
15477665
7964653
6911494
19938024
15883331
19011350
17055109
5996616
20192303
18340264
3981393
3953213
1684367
13273044
3196275
3305065
15194551
16269336
15501258
5227227
14259356
5628305
20193614
17855300
18270796
17262202
3078967
7152665
4864814
8511220
2643154
8040019
8707172
4693111
16677624
9913684
16655341
19038219
8941135
14511669
11594020
20478694
8473210
9091211
12636692
19763044
4266473
16659274
13016800
11487852
14465794
9173131
6946228
14330135
11324668
17246473
6781733
11485886
16658618
7529496
5543109
12121582
6081157
11626132
873690
14383874
1188262
13288117
14012942
4853673
9443793
13326128
5126302
11233573
19141110
15204381
5103364
21019363
9837663
7155287
99714
19168635
13835996
5906176
17790420
477199
17313975
1633904
16017024
16389266
15854495
19558573
1338338
4586943
12964371
8945722
21111113
19426191
18643039
11150998
5634203
10270198
8395878
16832288
5933046
2017944
7112689
6904940
9141018
18137759
517832
16867022
5914041
20692996
10407168
10405202
7224099
2242731
14909470
3194309
19243346
10168618
7026837
8055092
17273998
2103140
1550674
6168319
13326783
196051
4435555
9421511
604994
13398873
12409939
10564454
19828580
2232901
13979519
15109354
1791190
20938755
16638957
16061588
17651484
16906343
7017007
19529737
11512755
2099863
19109653
3770368
11874512
11954466
2573686
5613887
3884400
8113419
9824556
2083479
7996765
20955794
7370244
17374268
19418982
1073574
1923572
15626431
10347531
19264317
1474653
9667270
14454653
5016202
7939094
10575595
1699440
6639521
12540355
12020002
13905464
12721234
18742653
20774260
11466880
17389997
20934822
5235091
9009947
13313021
6649351
9572899
14794783
15104111
17869718
4689179
8080651
11804389
17103606
2787988
6123100
15537958
1793156
6730616
4038409
19112930
5355677
20335826
11016650
8183542
20419712
12920462
9059099
12552807
19413083
21285438
14777088
20105796
690846
3275574
6001859
17119989
20613042
12661596
1114862
21403403
10919657
8827758
9901233
6924601
7518355
21337867
14981560
15889229
10223013
4333975
3286059
13322196
13654462
14939617
13332682
16344047
8660642
7682849
3039645
10240707
553221
7952856
19228928
11717882
15308583
20921715
1093890
6201087
11183766
9466731
20922371
12174666
10494986
6180116
15175545
20917128
3938139
5808528
2472761
189498
6614617
3866706
13396251
10886234
11428214
21025917
19998973
2436717
4257954
6589058
13322851
1678469
1322610
18990378
1446472
3304409
15448829
18291112
11927596
18897318
19031010
12199569
4687
678394
3662890
19443230
4132781
11088739
10960945
12198914
20715278
10723706
19810230
10073591
4030545
821262
15523540
14902262
87262
189498
18773455
1799054
4366088
12961094
13231757
20808338
3145813
3930931
759658
1805608
3130084
16374849
15700486
4214045
15142778
19634594
5003095
10244640
11360712
7895185
7012419
3227077
15126394
1863279
20265048
9579452
20679889
2341035
16612743
8443063
9240633
19841032
5382546
10306898
16460700
14482178
1621453
15381983
2291227
20648431
19878387
2719176
15159817
11474089
10992402
4431623
14941583
13852380
13661015
7990867
18430703
7566851
8770086
20127423
17692116
11864027
5951396
13840583
12871310
436567
671185
6142760
17872995
5193148
9200001
9509984
15408197
6832851
13031217
18780664
20468208
15545822
20110383
12689121
13986072
4283513
10006745
2917093
13100030
12025244
13347099
2496354
18321914
15058892
6739135
10854777
18121375
12546909
2354142
16193970
5965814
10295757
13400839
5111228
18545391
5408105
16956150
1635870
21366703
20805717
3406645
18218368
15508467
13123623
19223030
5255407
19934748
3616359
13148526
3828040
2514704
19359344
15286301
8403086
15423270
1099788
8201892
1880319
6792874
16667138
19523839
13329405
15254844
12881796
9907786
16553106
4489295
3211349
21421097
13743590
1479896
10016575
9892713
14999254
10338356
14392394
19549398
262242
317292
5535900
16123192
3939450
19701441
17572841
15268606
760969
4056104
9567656
15743084
12293285
17707189
13493244
9126601
5296039
3017363
19357378
5022755
1340960
12556084
788494
21405369
11822739
20198201
1230860
512589
3048165
7081887
18352716
7987590
20909263
19751903
14827551
9938588
14120421
15949522
7846033
15123772
924153
11426248
7163806
5775105
10851500
21111113
11753927
14767258
16970568
7363690
6658526
8880842
20338448
15845320
19787948
282558
8167813
3056684
8462069
3018018
11854852
8532847
513244
20424955
7851931
3941416
2054644
2381667
16382713
7642872
10819388
1247244
12126825
11723125
12265760
14437613
1879663
9396608
18165284
191464
12160903
13388387
3396159
5444805
19655566
9601079
15418683
11892207
18428082
15848597
11498993
18986446
20579619
18157420
20271601
12889660
12476130
18846855
10924900
18014552
6830885
11835846
2171952
9021743
19485828
12018691
9024365
8746494
3797238
18576848
15955420
21083588
981169
17593813
3953868
16927315
2441960
11214568
5303248
8739940
18660734
6925912
20329928
2348899
999519
18617480
6161766
11873857
3623568
12987964
7974483
12278212
17137029
3305065
19991764
15448174
11470812
9319276
11788661
15446863
6164387
20913196
7814576
10319350
18374998
6416700
11441977
17895932
7416774
17272032
5049625
13793398
9750500
474578
10715841
9712490
3410577
14720072
13553537
6959990
17915593
10718463
11411175
340230
7166428
448364
14457274
3564586
1383558
12040973
682981
13634146
12636037
10810213
15893161
14187922
16742504
20652364
16218874
21170096
1492347
3557377
6776491
13112482
17414245
10613606
10094563
7087785
6300046
11943980
9905165
15245013
9430031
4849741
5218707
14145324
15302685
859272
19631317
5400241
5880618
18530318
7505247
20658262
19483862
4819595
17380166
20594692
16263438
5130234
17365748
13395596
8622631
10948493
591887
20271601
6299391
19920330
11674628
20211964
2249940
16439729
3609806
16916829
24348
21077690
3577693
16516406
8123249
2801751
3137949
16074695
2024497
17071493
8353279
6219437
15599561
20164778
8924095
2008113
18997587
1986486
1215787
19470100
2432129
16572111
17538763
11934150
8833001
906458
17391963
5700394
19409151
13553537
1048671
19675882
14910781
10606397
7921399
8528260
9245220
5212153
16489536
15271227
13182605
7353860
9524402
21221869
3965009
10314763
6637555
1362587
8886740
342851
5773794
16646166
13584994
19697508
746551
13752765
17847436
1917019
16429899
1370451
14120421
10776789
6587748
15790270
18234096
473923
6928533
8033465
13432951
7697267
1809540
10187624
1652910
476544
4564661
4496504
1656842
15309894
3143847
3208072
16177586
728201
13345789
20426265
941192
20268324
20182473
14472347
8057058
18280627
6696537
18865205
21242840
16273268
1107653
3565241
20443305
7651392
19479930
6710299
8066233
10534307
6583160
14063405
18989068
18947780
17217638
19025768
18369100
11436734
10526443
19607069
10045411
15081174
14960588
20141185
1877042
18897973
14950758
8875599
480476
13784223
16299483
707885
3831316
17402448
6423908
8823170
13868108
17568254
8754358
13016144
16092390
14672231
11856818
3226422
12725821
10783998
15529438
15720802
13464408
18601752
17383443
4240259
5974334
2323340
10371779
424115
3437447
16870298
8040019
19260385
19491726
6573985
17644930
13572542
3455141
2194235
20862733
20474106
15667718
5588984
11079564
9236045
10128641
256999
18139070
2994425
19652289
21310997
19217787
5219362
3347663
14434337
10298379
2725074
1326542
18684982
8057713
5634859
6759451
16141542
20428231
9540131
6921324
4729155
13338580
12059978
11354159
2299747
19264973
11995753
3409266
1434676
7083853
15904958
19833823
12529214
2451135
1775462
15488151
21360804
13776358
14936340
18515900
20183128
16789690
2294504
18294389
2955759
3744154
11011407
5600125
19338373
6653939
14092240
15328244
6262035
14710897
10500229
11385616
7092373
17405725
5853093
962164
3286715
7593065
5913385
3060617
11500959
4223220
15492083
785217
14652571
14895708
3164818
17661314
14819687
19415705
17698014
18002755
12706816
1884251
8568892
7806712
8283156
5142686
8909677
14729903
20594037
20340414
18523109
1498901
6615928
7573405
9076793
14078478
20733628
10683073
11876478
17652795
806189
17926079
1682401
922842
16309968
4044307
9399229
16517716
20935478
20194269
5298661
7880767
9545374
15651335
7099581
13846481
8419470
9355320
18974650
21446001
4131470
16055690
19588719
15212901
13059398
1516596
13261903
8915576
10349497
1679779
18762314
6700469
6223369
14538538
9823245
1688299
9919583
14360281
4012195
1962238
18842923
19131280
13398873
20187715
9435274
2521913
10698147
16804107
2913161
10742055
10884923
12204157
10587391
17884791
13932333
14237730
17809425
8971281
16045204
19410462
4540413
17580705
6843337
13282874
11253889
5978921
9532267
13698371
11947912
1810195
17102950
17914282
11000921
14218069
10441902
4638716
18275384
14593588
18761659
2381667
18549978
20213274
227508
10036236
19183709
7629110
18567018
17327738
12922428
16186106
21101283
18430703
4170791
18211814
16116638
8675060
69567
2150326
19417016
7975794
7321748
16981709
9649575
15011706
540114
1433365
13860244
205226
10422241
5315044
4515509
13325473
18361891
3715973
8629840
19854139
20552094
18764280
2858767
14379942
12601959
7394492
16670415
3675341
40076
15068722
17458154
21193688
462126
10943250
21173372
1847551
13851724
11813564
2354797
935949
12736307
17692116
4176689
6262035
14591622
1283944
909735
20573065
9002738
11083496
20807683
6977685
16731363
7591099
17374923
9384156
10247261
7768701
18508036
19147664
15829592
6899698
19995696
7348617
19420292
16760854
2538952
15997363
17806804
11393480
11226364
18935984
9111527
11997719
10903273
4066589
6482891
16346013
14724660
9156747
19271526
4236982
6043801
4503713
21170096
3559343
611548
20422333
21402747
18991689
5457912
4832702
731478
1175155
6684741
2168676
180323
1991729
240616
10040168
16863745
6582505
4622332
18977271
16284409
17237954
5167589
21180581
16152683
8647535
5090912
21150435
14213481
7509180
4084939
5936978
15774542
1892115
15215522
15246324
19335096
19257764
5355021
11444598
1243967
14090930
20207376
11823394
15497326
11436079
14093551
11367921
20109073
18441189
10629989
8071476
18593887
21339178
7087130
2621527
20642533
9483770
12343093
5347157
2495043
268796
17766171
8137012
15335452
6537941
11762446
18650248
20932201
6223369
9123979
7153976
10850845
6141450
12649144
13627592
9948418
1982554
7005865
7782463
5086980
12330641
9686931
7320437
1051292
10212527
21342454
4138023
8403086
15923308
7692024
10531031
14929131
2821411
13015489
11318114
3101904
8693410
554531
5094189
802912
18481166
13729828
6435705
12968303
10970120
17296936
20462965
14682062
14404190
12347680
11913178
3700900
5284243
20485247
8969315
13762596
10707977
15706385
20407260
767523
12284766
600406
13681331
18574882
11985268
4748161
19051982
16680245
8279879
8671127
6084434
20125457
6712266
700676
5646655
2422299
6520246
19791224
16354533
18567673
1562471
5104675
18270141
16311934
1585408
14067992
19357378
130516
4711461
6940985
6514348
9002738
13086267
17310043
5869476
2636601
1088647
13919226
16788379
19187641
13942819
15545167
2793231
11902037
5482161
556498
4498470
6921324
934639
1072919
20894190
11145100
205226
9253740
3245427
11741475
14241662
21205485
15966561
11603195
15043819
17846125
6798117
12833300
20093344
14938961
13734415
21415199
5874064
3101249
14809201
6623137
102991
17384754
11960364
17178316
4394268
6904940
6058219
1157460
11078909
1811506
3344386
4100668
2116247
11860094
11010096
13168187
561085
3546236
11846332
14402224
19565782
12839853
4528616
3395504
849442
10332457
13583683
1032942
17117368
5328807
5276378
7870281
14328169
5702360
21470249
13248141
12514141
19396044
16747747
14182024
19593962
15029401
11481954
9792443
18541459
6029384
3191688
12229060
12474164
3940106
12663562
18366478
15598251
5327496
7805401
4705563
17517136
15638227
17292348
18607650
2109694
16727431
5182007
20270290
5537210
10262334
11824705
21025262
15418027
768178
3396815
554531
17845470
7574715
21279540
19774185
15764056
12381759
9197379
11970850
3260500
17589880
16705149
12535112
19922296
14754151
6610030
9239977
12137966
16831632
7878146
1603758
12025900
17987682
13398217
9624672
17272688
13179983
20567822
19144387
18144312
5698428
612203
12143209
5921905
6024796
1326542
4795346
1004106
14627667
18839646
5372716
20825378
13526012
14873426
8089171
4358879
2182438
15754226
20885015
21374567
16665172
3927654
7006521
10129952
17314630
10679797
17566943
15901026
13350376
13437539
8387358
2243386
9006670
3408611
4849741
14111246
10782032
20206065
701987
941847
2517326
3812966
18298321
14422540
20505564
12165491
16884716
3137949
20611731
10453698
11982646
4716048
13193746
16644856
6572674
620723
7478378
2609076
11239471
19462891
4969016
13213407
11680527
11677250
13025319
10155511
10409790
17002025
17553836
10268232
1060467
18770834
14790195
3590800
2119524
6454710
19638526
6195844
8496147
5528035
233407
12230371
9236045
16272613
21249394
6902319
15678860
7159219
8763533
19600516
12143864
11774243
20483281
13819612
9673168
2495043
4652479
1103065
7542603
19380316
17348054
3857531
109544
12719923
10326559
18052562
5516894
6574641
8812029
8671783
17594468
20257839
6127032
3013431
7806056
11507512
8017737
14088964
7424639
8443719
4545655
9523747
10239397
6848580
1745970
1797744
5159070
14630288
19775496
2805683
7849965
13282219
17950327
4459148
14233142
3432204
18471336
7483621
2679199
11683148
2690995
2443270
15098869
11093982
2038260
11034345
14261978
19031010
409042
5789523
20003560
2634634
5712846
9504742
6894455
5949430
14758738
20731662
1604413
106923
14422540
2225036
12868689
20942687
973960
8177644
17536141
9533577
10183036
21423063
679705
5931735
11240782
5929114
15545822
4214045
701987
3457763
3631432
11751961
20638601
6628380
6382621
7352549
7720205
17072804
14887188
19064434
13452612
20924337
3145158
16307347
15085761
11152309
14067992
8897226
7758871
3736945
6269900
4690489
5411382
5393687
17999479
3668788
18257034
8690788
12671426
2308267
20892880
15227319
5300627
14255424
322535
12375205
6097541
16730707
12062600
11640550
15452106
481787
11485230
9721009
14589656
11227675
11347605
1784637
14326858
16828356
10523166
15426547
20307646
3503638
8671127
15644781
20103174
6494687
2835174
14382563
881555
6052321
1527081
20217862
17115402
16899790
16705149
11417073
16406961
1415015
4797968
18922876
1233481
20586172
17816634
8559061
19941957
16750368
20305680
14098794
6456676
7245071
19736830
17204531
14291469
18561119
9040093
4409341
5339948
3257224
3799859
19276769
18202639
14109280
16406961
17134407
5379925
18766246
13482103
6233855
13765217
15935759
20976110
3567207
19234171
8164537
15234527
10020507
3876536
19793846
671185
5528035
16153338
15803377
19697508
18597819
7962687
17488955
1638492
13173430
4940836
13004348
12326709
12263794
17432595
1654876
16528202
8036742
12230371
6187980
15553031
13397562
18246548
5436941
15785027
19476653
20491146
8100312
3303754
20779503
16164479
5264582
3096006
1284599
16095667
985101
11479987
276005
255033
8848074
9099076
881555
18597164
20557337
14893742
17800905
16465288
6274487
1875731
19816783
5313734
17170452
168526
20624839
7647460
20423644
14879324
16533445
10398648
9577486
19841687
18653525
21347697
20478039
19847585
8462724
11846987
15895127
12936191
21425029
12251998
20661539
17144893
15729977
14457929
19462235
14758083
10015265
12391589
20592071
21421753
18295045
6633623
12542976
4305795
8250388
3386329
2012701
7001933
12402075
5760687
10504161
12067187
17026929
6115235
3365358
6281696
16036684
20378424
14989424
15746361
5002439
1280667
14514946
17540729
1899324
15031367
11989855
10477291
20075649
2972799
13741624
1332440
15598251
6653939
4811075
17296936
13648564
6074603
18156764
8410951
6625103
13313676
17513204
8402431
429358
775387
18691535
9695450
16336183
5644689
4396234
6891178
16904377
11239471
14405501
8089171
14296712
11284036
9133810
17386720
7344685
8115385
17270722
2659538
5735128
7245726
15202415
2299747
2391497
16998748
5946809
19929505
2102485
8254320
3010809
11097259
10430106
14834104
358580
18999553
5045693
7434469
20443305
11605816
8273326
799635
20841106
14107969
3812311
5590294
9137742
3174649
9701349
5448737
17762239
6598233
7542603
215057
9245876
3674031
18565707
16638302
7834892
5471019
5088291
20135942
12552151
17701946
16794277
15518297
9106285
7669742
2681820
12519384
809465
7475756
8768120
15201760
10842980
2530433
10591979
11734266
18969407
16730707
14695169
16221495
21261845
381517
263553
10250538
4142611
18132516
12976823
7619935
21309031
20887637
3719250
4022681
14518222
21071792
3378465
13674778
17760273
19647701
11639239
19080818
20744769
10340977
19190917
14457929
2367249
10753852
13710167
11957743
11371854
16347979
2491111
19405219
10325904
20231624
9447070
9024365
4343805
16215597
14948792
14716795
20370560
20697583
10959634
12285421
7487553
9362529
11083496
20822756
18608960
19013971
16195281
15232561
13900876
9866499
11487196
2202099
11357436
17791075
17074114
21387019
10760405
20046158
10298379
16115983
8447651
1038840
21047544
1093235
1550019
6715542
3473491
20422989
19955719
8408329
181633
1329163
20238178
8981767
9002083
6201742
1926194
18838991
3982048
498171
8553163
12497101
14644051
4212734
8794335
8694720
6469128
2131320
7326335
19672605
3519366
8142254
15632985
12579676
2900054
2420988
17661314
15202415
14585069
7903049
11513411
15041853
12536423
3392227
4373297
20166744
1794467
4147854
20397430
16758232
8936547
7283737
20225071
19978001
7318471
3991223
6595612
17506650
13987383
13608587
21457797
2377735
4598084
19417671
8398499
1822647
12093402
18906493
18876346
19597239
12511519
3942727
5954018
13235689
6631657
19172567
6119823
16980398
8214999
6717508
17321184
16446938
3926343
14978938
8740595
7882733
3734323
7184123
14664367
19884941
10650961
19270871
17845470
15036610
7123830
10122088
4197661
7674985
1700095
3431549
1593272
14600142
18522453
14525431
12175321
3141881
8854627
17826464
16003917
11738198
18160696
6639521
19882319
6145382
8125215
14382563
7072056
11510789
10733536
20108417
19417016
19000209
13788810
15452761
12852305
13929712
18776077
5531968
18470680
10659481
14044399
6186669
13884492
11688391
3557377
3352906
15585799
12427634
5997926
1393388
11799802
12058012
14145980
18787218
10301656
1608345
1112240
7703165
13967067
18516555
6301357
6803360
5254752
2590070
1133212
9897956
10089320
15064135
18379586
10118811
220955
18813432
8909022
2871218
5171521
17639688
17072148
20700860
21056063
10373745
9685620
4794691
1483172
20860112
14254769
15756847
11737543
3155643
8771397
8554474
15421304
11854852
3989913
17879548
18992344
7381385
18198052
284524
419528
8272670
20325996
7551778
3811000
3265088
13855656
2067095
19499591
13062019
15241736
10139127
9969390
15252877
13421810
9939243
1751869
14892431
7711685
13764562
2384288
17146859
17392618
20487869
6155867
12733685
9970700
18716439
19531048
11714605
6478303
17173073
4903480
167871
10150268
3644540
17166520
5604712
16851293
2290572
2265013
16812627
11283380
1808885
4643959
8425369
14066026
10141093
16554416
9154781
19310848
8222208
1373072
13032528
16621263
15510433
11089395
16186761
1557883
18317982
6707023
21447312
18198052
16633059
10375056
14137460
8954242
4883164
4725879
9040093
9220317
13467030
14960588
104301
11031723
5048314
3910615
20243421
11833225
10124054
15612013
13949372
2039570
16688765
4347082
9250463
20932201
19988487
20915817
12552151
13107894
4880543
21295269
5524759
1562471
9093177
12394866
4447352
8985043
18423494
14811822
2818790
7114655
13980174
20430197
15349215
12941433
8391290
4587598
1198092
10293136
4546966
20322064
13406082
8876910
14443512
4936904
8806131
5207566
7273251
13578440
8944411
7171015
10224979
16156615
3358804
15507811
16389922
15246324
6566776
16579975
9144295
7836203
3700900
8568892
15096247
11717227
2888913
8082617
1042117
1478585
15193895
16372883
20948585
17855300
8432578
20995771
20387599
16233292
20742147
12108475
5073218
18694812
7780497
3339799
2415745
6564155
17449634
14949447
7343374
10460907
8315924
9221627
7018973
6619860
13014178
14972385
18016518
12062600
5741027
1620142
15826970
8849385
3328658
18877657
12381103
4105911
16711702
12186462
11142479
6364926
17194045
1752524
9555204
10181070
6780423
13824199
14613904
5776416
13388387
1109619
5132200
19771564
14292780
21434204
21216626
10498263
16648788
9595181
13875317
10482534
19275459
12810362
342851
17478470
20111694
9969390
7725447
5167589
8281190
13282874
6951471
5872098
19283978
2036294
6821055
13627592
20439372
504069
16228704
3564586
5755444
40076
1394699
9209176
2922992
15935104
18629277
16791656
6537285
536837
5214775
4717359
12691742
10580182
10232843
16129090
18719060
6641487
4325455
12908666
12905389
4786827
7253590
331055
11227020
1264283
15854495
20400051
15608081
3775611
20286674
9161990
15170958
19672605
20651708
17954259
12358821
12485960
9768195
20808338
2124767
20728385
5986130
1232171
14914058
20896156
15911511
13029251
1316056
7766080
10930143
6447501
12699607
2767672
12158282
16254918
4750782
12568535
2624804
9112183
18861273
13703614
19013971
8311992
3870638
6872173
12932914
8010528
11630720
1989108
5817048
15842043
7422017
20557337
20074994
15214867
7220823
19395389
9938588
14389772
19057225
15570726
4748816
16574077
6558912
15912167
971994
13719342
17623304
9489013
8932615
10051965
9129222
12970269
5306525
6222714
4554175
19230239
4101979
14533296
8021013
10916380
18629932
14648638
11004198
18188877
19825303
6154557
9140363
17281863
7020283
2936754
288457
14164985
17349364
18381552
10153545
2577618
18097782
15211590
9227526
11869925
2089378
19282667
3592111
19827269
15680826
6085089
13011557
10321972
9954972
16973845
4114431
15407542
17781900
6496653
7488208
13670190
10463529
6686707
14030637
18377619
1059812
2330549
8243835
12487926
5808528
17158000
12982066
21110458
1232826
19729621
9412336
21436170
3763815
20115626
14733179
2192269
1424190
9080070
9597802
1501522
14748253
3510847
19273492
5694496
16469220
114132
19003485
10405202
8625908
15224697
10551347
19122760
8105554
12744171
4824182
1359310
3035058
5444150
21319517
15103456
17597745
2784711
11114954
317948
4082973
4586943
7387939
6501896
397246
14373388
2182438
17477814
14145980
13994592
3736945
7578647
7085164
2219138
9295683
15150642
20881738
17427352
4139989
8574790
1926849
10863297
917599
17903141
10397993
5977610
15270572
6665735
6232544
2297781
13313021
21375878
4583011
16406306
6120478
7385972
8178954
19118173
4675416
418217
15220110
11101191
10421586
18002100
4168170
17512548
12574434
16545897
783906
7680883
17009234
11360057
21389640
14308508
13453923
16701872
19198782
7271940
13189814
10524477
14223312
11227675
21024606
10502195
18209848
634485
9320586
15041197
21021329
18454952
15549754
3216591
14976972
9180995
1647667
5052246
1452371
5735784
4665586
6585126
20668092
10568386
2252561
1772840
20130699
17213706
978547
20114971
10673898
6563499
7260144
12549530
3428927
20519981
2356108
4318247
4890373
18428737
10681107
10809557
14371422
5509685
17846125
17699980
357924
9832420
20934822
15332831
14819031
10513991
10382265
2092654
13955926
16448249
15636917
11149688
16883406
11697566
13973621
10909827
20417090
9813415
6441603
12705505
802912
19107687
17354607
21326070
388071
10823320
20672024
11597952
7297499
14345208
642349
17575463
12658975
1903911
21208762
2166710
17869718
9035506
17629857
1773495
11375786
2928890
860583
20495733
9576831
9342868
1589995
18158075
9530956
10232188
14996633
3572450
12494480
15383949
3257879
18958921
8922129
13474239
2116247
5458568
19540223
12587541
2008113
1380281
18689569
4443420
15119840
18867826
6353130
19425535
20353521
7687437
12114373
20765085
4295309
3433515
18285214
19717824
4914621
9862566
14951413
9755088
11015995
13299914
2375768
15729322
10717807
954299
3172027
6338057
20513428
16010470
7084508
8797611
1626040
13956581
18138414
2272222
10620814
3996466
19637871
14845245
18536216
3776922
5293418
590576
3193654
12104543
20805717
7426605
6652628
330399
20599280
19040185
10840359
19704717
20887637
3037024
10525132
17355918
10175827
21044922
7815231
16541309
12486616
9523747
6695882
17602332
631864
10411100
10968809
17576773
11864027
9392676
18202639
20286674
12916530
10607707
13058087
5366818
17080013
20961692
17021686
7225410
328433
14521499
4640027
14698445
11769655
1135178
987722
14188578
3955179
12050803
20126112
15905613
14550335
19301673
8980456
20921715
10150924
9655474
14721383
4879232
2267635
15153263
9942520
4919209
3972873
20372526
1744660
20597314
7722171
20901399
9330417
8616733
3824763
2829931
20837174
4282857
5330118
10364570
7925331
5256718
12889005
6958680
1479240
15577935
14224622
19177810
6283007
14398947
16187417
11000266
15739152
11165416
10757129
20723142
11858784
16107463
1808229
8163226
18310773
1890804
15490772
8761567
5876030
7403667
6284973
20797853
18730202
8554474
11074977
7578647
20250630
7719549
12341782
20621562
20056644
9648265
13128866
9660717
2446547
13348410
21117667
12688466
3185134
9890091
14959278
12685844
5144652
8264151
19703407
3932897
21217281
14810512
20867321
5518205
13522735
9840940
15788304
6606753
17346088
18752484
17705879
10565764
11439355
20618940
10559866
12193016
10496952
6301357
13554192
10720429
7353860
14964520
17248439
213746
4474221
10077524
14650604
18561775
19984555
3581625
17922802
3407956
7176914
10161409
5003095
8659986
2223070
4063313
8871667
14534606
9539475
18734134
14594899
13626937
3956489
3400091
5724643
13973621
10112257
6338712
18464127
18839646
15452761
19799089
8298229
10742055
20848971
13367415
10274786
20907297
6701780
6134241
11088084
11039588
11154275
17268100
14145980
13662326
12394210
3037679
16433175
212435
4940836
6449467
13260592
9050579
4834012
4764545
7424639
2564511
8570203
3181858
10015265
7011764
5756100
10281995
9392676
4265163
5904866
14019496
2950517
266174
7558987
1876386
3755950
18528352
20466897
15121151
9315343
13988039
4594807
1609001
16351911
13893012
8483040
15415406
4418516
8585276
5666971
12344403
15183410
6241064
12313601
4342495
13988694
10642441
6265967
15149986
4116397
13923158
15913477
20385633
15939036
21068515
6434394
1592617
11890241
4824837
17734714
18279971
16625195
1085371
9845527
19454371
19392112
7178224
20403328
7344685
929396
492273
4090838
17127198
18457573
19051982
1612933
9952350
13883837
20173298
8074753
2070372
8935892
17156689
16550484
11960364
8749770
16880784
14720728
19422258
19915087
551910
2355452
12448605
19912465
7340097
784562
15181444
4775686
4820905
14764637
989689
16325041
13969033
3780854
13455233
18111545
821262
16467254
12760555
15347249
2558613
8314613
6490100
8779917
129205
11741475
3807723
5988751
5158414
6901008
8437820
2187026
2107727
11976748
18896007
3683861
20173298
20513428
15176856
6083778
18821296
3882434
7722171
382828
11776209
14452031
20502287
4944112
5996616
6277109
19609035
3222490
8638360
10158132
2786677
21457142
678394
716405
3607184
11455084
1339649
6447501
10963566
8896570
14615215
15126394
8562338
17542695
3520677
10800382
6235166
3880468
5480850
16849327
10058518
10928177
19084094
8909677
17847436
2638567
11848953
1645045
8483040
5973023
1340960
1340960
11643827
11762446
942503
20957104
11658245
8147497
18852753
21397504
8256942
15742429
8970626
18584057
9427409
4388370
5202323
5350434
21453210
11614336
15722768
13636112
4605948
20555371
16101565
8948343
9899922
3333900
4376573
7001278
14409433
9783268
6004480
18590611
14151222
20322064
13257316
19346892
20877806
1209233
4686557
1403874
6404903
9833731
7744453
2955104
20615664
15166370
6599544
961508
11386271
11191630
1821337
13940197
2064474
2531743
2497010
20928269
4424414
10581493
21247428
603683
610892
1510042
3004911
18772800
16226738
13273044
15733909
2498320
16800831
17929355
11190975
9532922
14849178
11159518
20757221
8574135
12396176
15593663
8557751
468680
15843354
17403104
10673898
11286657
5753478
16693352
18878312
14298022
12541010
17863164
1483172
20436751
8824481
11629409
13655117
7745108
5670248
11109055
16682866
15273849
20529156
368410
2804372
7517699
3439413
8171090
2128044
6651973
12078328
15007119
9907786
12749414
13564023
13497832
12003618
15977702
11609748
16174309
17937220
7497383
5775105
8595761
201294
13888424
8983077
6865619
14303921
18877001
16587840
2784056
11662832
11939393
2835174
20107107
6374757
6078535
9802274
726890
599751
6651317
18114821
1940611
7465926
9768850
8119972
15607426
5731196
12143209
8188129
19205335
14779710
3531163
1958306
20554715
16819836
9548650
6585782
19036909
762280
5681389
539458
10133884
4957220
6489444
13005658
20549472
3788063
503414
10497607
93160
9215729
13339235
102991
8549231
17512548
12483994
6435705
8323788
502103
690846
19610346
1736140
1021801
11441977
802256
17024307
16532134
9833075
21226456
16209699
9777370
13607932
19816128
1979933
9574209
8218931
7048464
10194177
17867096
13592203
6914771
7471169
8267428
5308491
6156523
3234286
11363334
4940180
18793116
9120702
13686574
20778192
19668673
4813041
9216384
3365358
5374027
15646092
16203800
12461712
690190
10070315
11659555
8247767
11215223
1500867
4295309
251101
19487139
19685057
4995886
9762952
3798548
13995247
8245801
20879117
12582953
19491726
1271492
20172642
15879399
3932241
6953437
20968246
17720296
5729885
5479539
424115
620723
2521913
19950476
10456975
14230521
12975512
17654761
4181277
788494
333676
19576267
3961077
13041048
15914133
5444805
2420333
9248497
732789
6891178
7774599
9781958
5590950
18950401
11357436
14686649
11574359
15121151
9550617
15742429
3925032
18336332
8306094
17796318
18110234
19137834
13616451
16344702
16479050
15519608
553876
17943118
1524460
8697997
14551646
7469203
9392676
14522154
11011407
13246174
3109768
10668656
16394509
2247319
17845470
8201892
2134597
14086997
19323300
17306111
11590743
8329687
20983974
9877640
17266134
5608644
6905596
13854346
5568012
18572261
12807085
12474819
2550749
9542097
19529082
19565126
1053258
15151297
11304352
4046929
18071568
9128567
3537061
13291394
6541873
8565615
5865544
18188877
709196
16309968
4388370
1351446
4506989
4168825
14738422
4601361
2122145
2021876
10708632
12913253
8189440
3596043
16328318
13725896
21396849
11704120
15784372
1431399
13697715
19607725
12027866
8249733
12176632
15060858
17308077
17197977
19221064
18464782
5832121
10160099
21326070
5463155
19810885
6771903
3971563
4566627
8114729
3520677
8156672
5405484
18305530
12377826
17186181
11140513
20611731
990999
9932690
20953172
6089021
19649667
12120271
18452986
2614318
16399097
9416924
9615497
6699814
12075052
4840566
14292124
11649070
7777876
19845619
11961019
1192849
17383443
20957104
3445311
3236908
5633548
793081
17484368
8415538
17034138
2093310
9125290
19894116
18399902
12937501
15693933
17646896
19446507
15683447
1920951
17734714
15748327
10447800
17671145
9823245
17808770
16482983
13963790
17888068
11215223
1117483
5147928
2919715
4250089
18789184
8821860
2898743
7925987
15918720
388726
14115178
18918289
13645287
1036874
9084658
694123
16806073
20635980
3172683
19199437
17575463
17285795
6831540
13015489
489651
3035058
11772932
20059921
16636336
6536630
19795157
18631243
18981203
675117
4883164
11584845
20521947
21330658
10566420
5369439
9561758
5504443
15465868
18791150
11980680
4454561
5239023
9451658
13973621
20894190
12689121
3059306
6288905
18540803
5918628
12901457
13752110
18770834
9050579
13214062
6040525
16637647
13286151
4697698
4465702
17546627
19862003
6426530
1560504
12749414
8901813
12397487
8214344
1673226
3938795
4660998
16964670
8100967
4608570
18336332
2913161
4940836
253067
6849235
8568236
16722843
8730110
18097127
4585632
13923158
9569622
379551
2210619
18559809
16422690
6497308
2015322
13700337
7616003
7485587
18511968
11897450
2711967
19955719
1458924
4041686
3885056
16212975
815364
14790851
4115086
20476072
9614186
7550467
17228123
10694870
3508881
15486185
9672513
7803435
19279391
5316355
11173936
14864251
17966711
690846
4987366
16150717
19164703
14851144
3738911
20725108
15912167
18738721
18950401
16977122
6392451
9637124
8118662
15953454
16952218
19958340
1352756
6984239
1681745
2430818
19013971
3444656
8460758
11103157
3822141
2158190
2788643
13130176
1643079
12801842
18479200
8459447
19858726
2289261
5062732
7121208
12284110
17878893
19498280
4379850
20818824
11854852
3202829
18842268
20858801
18065670
6723407
11654968
16060277
9909097
17183559
9593870
15366910
4144577
14599487
13938231
8402431
19286600
13482758
17949671
1638492
1998283
7172981
15490117
16688109
17430629
797014
1464167
5763309
882865
7361069
18444466
15136224
10969464
21065238
13919881
14784953
2505529
14153188
13499798
4224530
16338804
14328169
9456900
5978266
19092614
8403086
5500510
19831857
10875093
8395222
3717284
281903
20459033
4248123
9497533
16221495
4706218
10547414
12187118
11045486
1869833
17315941
17275309
9396608
18688914
9298304
1964204
16935179
903181
14144013
20255217
8401120
11346950
315326
7268664
1946510
20360074
14603419
2866631
13726551
12496446
15026124
677739
19576923
7539981
3733013
13765873
18400557
12605891
1582131
14003112
1984520
18747896
18058461
14257390
11761136
15891851
9156747
14898985
1331129
10664068
19850862
19301017
7393837
20942031
9857324
11633341
4305139
10215804
10283306
15729322
9322552
14761360
2488490
20957760
7037978
18695468
16432520
1247244
2364627
1710581
11633341
6456676
6793530
15200449
16536066
15393124
9591249
2919059
3513468
2104451
17826464
16441695
18254412
12111752
2151636
4697698
19282667
13033839
4020714
21130119
10778100
3451209
5051591
6265967
10361948
15616601
7485587
10729604
5506409
1936024
12347025
16482983
20050746
13921847
667253
6583160
14996633
19304294
12390934
21048199
2753254
2214551
20310923
11614336
13115103
14252147
15768643
6071326
10958979
5309802
3467593
8396533
5250819
3913236
17794
16543275
19839721
3491186
12725821
13593514
15313826
16969257
7354515
13476860
12221852
21177960
13159667
16976466
10993057
17230089
8861836
2168676
1828545
14271153
17030861
19759767
3493152
12432221
7586512
2084135
16245088
7132349
16429899
458194
21116356
4662309
15469801
8689477
18154798
6773869
4497814
1540844
21092763
18629277
11487852
11654968
1049326
16361741
20809649
14761360
18852753
14502494
9852081
5005716
1729587
19194194
6167664
8754358
5228537
7454130
2043503
10692248
8113419
19050671
3674686
13005658
16667793
7340097
8904435
8210412
20056644
8064267
18897973
496860
14858353
14763326
6570708
6493376
5475607
12437464
11563218
19991108
5258684
9071551
5405484
372998
9487047
1261006
18784596
19623453
7986279
14212171
2770949
4889718
8526949
2022531
1802987
6032660
9924825
6206330
2913161
17124577
3383052
14791506
17533520
2162122
5403518
5838675
18046664
12928326
7533428
4252055
6251550
18494273
18092539
12979444
7711030
19105
16695974
12527903
11455739
16218218
18211159
18745930
14075201
20081548
2536986
6257448
15873501
12677325
14209549
9610909
20757876
13962480
16436452
16265404
16368295
6961957
18296355
6414733
7605517
933983
16770684
11481954
15636261
4824182
14642085
9412992
8155362
13680021
20993149
1032942
16587184
14062094
16173654
21185169
19455682
3761193
2711311
20898122
19405219
10380954
16672381
18525730
473267
18191498
6185359
5150550
21301167
2569754
9985118
2193579
2033672
2895467
5823601
14209549
18941226
3731702
11919732
17125888
20269635
6128998
4578423
4067900
13568610
15928551
20396774
14279672
3084209
8781227
6182082
16966636
18799014
6781733
21238908
5062732
9614186
4314970
11537003
20418401
6688673
6859065
18119409
14446788
7312573
6235821
17794352
17347398
6797462
5742993
766212
4540413
15307927
4550898
20116282
19331819
14673542
11841089
1756456
4871368
14228555
82674
16121881
11791937
10390784
18242616
5664350
19853483
9032229
9248497
13014178
18494273
1246588
3476113
11225054
14111901
8621320
17838261
15925274
7688092
2718520
10108325
10274131
18595853
8144220
12641280
18937950
4929039
635796
546012
12329985
13894322
16927970
5018168
20266358
4581045
1924228
5427111
7430537
20246042
3198897
3468904
18654180
2110349
2148360
6268589
17556457
7695956
13283530
21098662
12448605
18330434
20152982
3328002
414285
12949953
14322926
10609018
1361931
8218276
6543839
10989125
13598101
11953155
18841612
5976300
12392900
19373107
12550841
2145738
16370261
20632703
18732823
19864624
21059340
20303058
17977852
16332250
17720952
15798134
7820474
18875035
4159650
21303788
19533014
2099863
12358821
19779428
7110723
19597239
16697940
15489461
14474313
16416136
5293418
5217396
6826298
4807798
13793398
19137834
8407674
7984313
17621338
6547771
18498205
3411888
18872414
18089918
4299897
536181
9101697
8685545
898594
12010827
15370842
13467685
15648058
10372434
18158075
20926958
3395504
15788959
12921117
16387956
17909039
20272256
3925688
13951339
11358091
1350790
8848074
13149837
9988395
9778681
13096753
20569789
8981111
4448007
16773961
8270049
13990005
20375148
5858991
13669535
1854760
20811615
12008205
16511818
13221926
19342305
6639521
12329985
20735594
16302104
8471244
3913891
264864
13250762
21307065
8087204
20635980
14903572
9454279
14038501
6246962
3087486
11896
11993787
18812777
6871517
4011539
6995380
3957145
17217638
17457498
7727413
20697583
20620906
8987010
12531180
6913460
7456096
4882509
4018093
12935535
14765292
6351164
17373613
20791955
16244433
127894
14599487
2053988
19802366
12072430
16315866
19019869
13668880
13835996
8633772
12870655
14043089
18821952
12300494
6942296
5581775
5712846
3405990
3683861
6242375
5789523
8452894
2786677
4834012
13794708
20113005
20371215
2796508
15606115
13529289
21299856
15921342
7229998
10130607
9577486
9845527
19203369
17846780
17127198
11580912
20914506
9446415
21128153
5836053
19580855
4100013
2671990
8708483
13642665
5869476
5111884
13416567
7935817
14556888
18317327
7371555
8109487
12931603
19664741
12948642
8369008
16922727
19430123
7672363
18856685
6891833
11943325
19766321
17912316
19853483
2272877
18555877
4370675
6006446
9806861
3058650
13655773
8613456
3755295
15613979
15142778
12900146
15530749
11446564
5511652
1531013
17964089
19687023
814708
13307778
9583384
11335809
5764619
12501034
1284599
17088532
6555635
9712490
33523
17861198
1306226
5438252
9044681
624655
7054362
3981393
10220391
3031781
14452031
12465644
12734341
2564511
886142
14897674
4682625
10572318
16117293
7841446
20543574
12174010
198017
1742038
11040898
5010959
13480792
10043445
7321748
14058817
1601137
16037340
8351969
13362828
11479332
4007607
19013971
18442500
2693617
1656187
11407898
1063744
19939990
5638135
610892
18972684
21272331
16356499
7406289
19019214
20443305
10887545
13330716
6900353
9852081
15778474
2673301
20487214
295665
1207267
3510847
20148394
9093833
15933138
7648115
13491278
10667345
5375993
3685172
12539044
3268365
11409864
3076345
11923009
12657009
2942652
14220035
15604804
14629633
14386496
16262783
51217
5220018
12896214
16484293
13181949
7194608
21156333
6736514
17838916
5453325
2481936
10177793
1220374
7962031
13556814
12293285
1977311
10095218
2710656
10396682
18067636
16060933
16764131
18554566
5415969
2652984
1069642
4430968
16371572
487685
20192303
3008843
816674
6167009
19451750
18622723
6109992
7897806
19179776
3207416
19553985
9811449
12236925
16108774
17762239
15387881
5683355
15853840
3489220
5553594
14010976
11995098
14481522
706574
15333486
5944187
13759974
6018243
66291
19419637
10961600
15153263
16121225
4495848
2027119
619412
18018484
19772219
12449916
1459579
3773645
15684758
3155643
268140
10722395
23037
10135850
904492
3181858
12568535
19205991
20345656
17681630
14211515
11433457
19517285
18825228
21390951
2735559
1933403
3336522
11398068
19260385
4336597
20087446
15297442
3855565
14901606
20890913
9892058
3265088
15630363
4427691
4012850
8579378
12710748
3018018
16471841
13326783
15246979
9538820
18820641
5344536
19392112
16956806
12710092
5824257
1257074
10089320
14337344
532905
18568328
17637066
8409640
5453980
16424656
21150435
9184927
4462425
16953529
768833
11826016
1295740
9038127
302219
14607351
9321242
3167440
19034943
2567133
6621171
18553255
20858801
8716347
2007458
16602257
18428082
14562787
3279506
20317476
7545224
20796542
11855507
4233705
10132574
6958024
6877415
9205899
985101
3546891
21468283
2230279
19608380
16875541
16527547
39421
6123755
8654744
19816783
19605103
6140139
14204306
20977421
9215074
4389680
21456487
4335286
10451077
10565109
16775927
18149555
17544005
753105
13029907
17917559
20653674
15766677
14954690
5164312
198017
19785326
16446938
6056909
15174235
13870074
6277109
3249359
2291227
7764113
12438775
9534888
8656710
954955
11310250
10179759
2399361
5895691
11013373
5453980
5451359
6669667
6290216
9083347
14981560
14842624
6916082
19395389
6744378
8414228
8769431
12147796
2218483
1513974
2192269
14773156
20371215
9270779
15624465
10371123
3278850
5185284
9961525
10358672
8894604
506690
8173712
1160737
8576101
20811615
17930666
17951637
12158282
1923572
2928890
7878801
8505322
3135983
19008728
14952069
14833449
8254976
19131280
5436286
1915053
13074471
1661429
16248365
9918927
13407392
6020209
9629259
7265387
12444018
7374176
9206554
504724
5178075
9013879
8102933
12043594
15712938
18997587
9454279
4214700
16338804
16448904
12109130
10765648
18949091
2105106
1238069
17391307
17348709
2277465
14310474
2710656
6616583
13455233
20050746
3432204
15757502
14400258
2957070
13814369
14739733
11497682
12459091
12664217
18706609
7984969
10962255
13875317
14219380
13150492
9997570
4255332
8858560
3590145
6595612
8240558
839612
17048556
15838767
14402880
19637871
11753927
12351612
3330624
12804464
15370186
12261173
5088946
9153470
3210693
1015247
17793696
11364645
8348692
3009499
16165790
5237057
10650306
19894771
10449111
11092671
21470249
4655100
19477964
6205019
18403178
6359028
4187175
8833656
17980473
8427990
11890896
2417711
5140064
3340454
19279391
11972816
7347962
19895426
3632088
11259132
10729604
1709926
9373015
15703108
6090987
4685902
9314688
18167905
12506276
10829218
14919301
15189308
1285910
19437332
20171331
16982365
18970062
13670190
18637796
9675790
2662159
12565914
445742
20764430
15849252
21254637
18412353
20023221
11477366
3532474
15321035
143623
743930
11674628
16974500
12284766
13558124
17829086
17933287
6879382
20457067
11370543
14268531
6506483
17970643
13915294
4138023
10200075
17732093
18047975
2503563
5678112
12474819
16848672
19644424
4262541
2803061
1425501
6837439
2525845
7567506
7637630
19503523
180978
12874587
3315550
21371290
21204174
18781319
19292498
9457556
10005434
9867154
14897019
12254619
610892
8719624
10074247
18171837
1172533
17064939
17736025
9371704
13245519
3573106
7859796
7732656
14698445
757037
16752990
7439712
3567863
19049360
10236775
1567713
17625925
12250687
713128
20116282
12226439
10462218
5389755
312705
5113195
10457631
2034983
7940404
5686632
18774110
6407525
7730690
8569547
9277333
19702096
2232901
19925573
18680394
13119691
16367640
9840284
12925050
20016012
16931902
16904377
5600125
8820549
17365748
19138489
18360580
15197827
6062151
12158282
20922371
13371348
12965682
16072074
20409881
5086980
17163243
1061122
8146187
20873219
10211872
11466225
19560539
18163973
3804447
5885205
15293510
15184720
17347398
15237149
10979295
15665097
5854403
7435124
13466374
20337137
21415854
17685563
19150941
2398706
10316073
18949091
18731512
14050953
11497027
5684666
6362960
654146
8116040
1628662
1944544
4989987
4628230
13769149
20091378
16062243
10631300
8332963
16003261
16073384
9986429
16843429
20951206
16876197
4474221
18576193
3667477
16775272
17225502
8112108
13976242
12568535
16335527
1693542
16078627
19176500
8977179
4532548
10789897
17009890
8716347
14903572
4472911
15638227
18982514
1264938
15928551
3588179
14560821
14145980
1123381
15790926
21111769
3968941
15855151
2597935
16886027
462782
2318752
11057938
14341931
10095218
13600723
18785252
2883015
8000697
4350359
17011200
3041611
3603252
1672570
5255407
20709380
19540878
20707413
309428
1416326
6045112
2065785
1129935
2743424
2819445
16062243
12329985
19166669
12227750
1589995
3455141
21012810
3221179
14731213
14095517
6878071
3717284
18721027
2851558
8445685
13675433
18552600
15275815
18840302
18713818
1350135
11112988
19669983
8290365
13344478
11858128
13486690
20607144
6379344
16327663
579435
10890166
20999703
1668638
108889
16167100
16936490
15845976
11552732
5173487
3936829
13311055
16459390
15364944
19968826
19717824
2389531
8614767
8464690
19681124
1664051
4613813
621378
3131395
19422914
9468697
10177138
15225352
15416061
19328542
3729081
1120105
7299465
3090108
19737485
20722487
8885429
15161783
4711461
1941922
21458453
20206721
19538912
15587765
6328882
10358016
19382937
4208802
13807160
18283248
10434693
12447950
10217115
5306525
1694853
1531669
7621246
1060467
18194120
16287031
16416791
1418947
1859347
2067751
17433905
1193505
16747091
18493618
10584114
11943980
5037828
18540148
14558199
11878444
4436866
4322179
10193522
318603
8937202
7249658
2669368
17813357
18533594
16733984
1869833
3726459
18184289
13784878
10169929
18094505
2105106
18908459
10264300
12390278
19921640
10033615
20818169
19590030
17172418
6395728
19282667
12600648
5024066
2312199
14409433
787839
9576175
3845079
3373877
226198
13487346
2588760
10148302
17906418
6028073
10734847
4456527
7638285
10691593
13136730
5326841
2316131
13191124
3465627
18251136
15212901
2577618
3128774
2587449
867137
5352400
15303995
12147141
5098777
3186445
6026107
18394659
152142
673806
15001876
10182381
6940330
4874645
15648713
8294297
407076
11279448
13581062
8902469
6687362
15648058
3032436
9601734
16939111
17504029
12744171
3282783
19160771
13272389
11136580
7606172
9076138
9247842
9656784
15334797
2237488
9449036
5277689
19201403
15805999
8541367
15148676
18019139
20675301
9297649
16152683
7409565
4200282
8897226
20916472
12170734
15348560
16470531
17114747
13332682
10420931
3242806
1620142
20206065
15390502
19483207
8142910
11614336
14987458
14539849
16302104
18093195
20168710
2196201
5860301
4817629
3253947
238649
1101755
20326651
2053333
21413233
4021370
13099374
17840882
17110159
4894961
17266134
8504011
7984969
11852886
2158190
9736083
2226347
8853972
1057190
19886251
97092
19905257
7131694
3465627
7582580
17125888
15707695
13977553
14168917
815364
1483172
17991614
7919433
10616227
16585218
948401
4338563
9375636
4794691
1028355
11869925
83985
11758514
7340097
17899864
16862434
21445345
13001726
3993845
6767316
12760555
9040093
9834386
16482327
3453175
16416791
18347473
13476205
9506052
6528110
3618981
13385765
9267502
759003
21460419
15007774
12315568
6167664
18496894
6634278
180323
13451301
12747448
17561700
10730914
14923888
20907297
6061496
4489950
10955047
20233590
8620665
20908608
5548352
7449542
19605103
5176764
2466208
13056121
4686557
6853167
2565167
4630196
11112332
2065785
13762596
9933345
5054868
19077541
9873052
6872828
417562
12243478
44664
18511312
1967481
13831408
16202490
3109113
5040450
8736663
8423403
20352210
4184554
18606339
13988039
6054287
16779859
12202846
10230877
1549363
9552583
21156333
10188279
19744694
13210785
13500453
4453250
7506558
12470887
11523241
7581924
9757054
4068556
6322328
5734473
7125796
3303754
5275068
20955138
4963773
5163002
1036219
2854179
17378855
2692306
4999162
20816858
8694720
4237638
19734208
16520993
15813208
1907844
7436435
19379660
19964239
4670173
8072131
20272912
6068705
2532399
13292049
19641148
14425817
18178391
7484276
3640607
175080
5133511
18264243
20839140
13915294
6519591
7963342
5786901
3537716
11362679
6746999
15847286
8351969
8406363
18276039
12240857
2607110
17995546
12653732
1999594
9174442
679049
10008056
15383949
19655566
2926924
11114298
5330773
19563160
9115460
14621769
2450479
19915742
10482534
6142105
10869195
7340097
17923457
8448306
21378499
14674853
13927090
13600067
13723274
9412336
16483
15110665
2386910
16734640
6147348
3908648
19164703
2668713
3675341
17363782
990344
20023876
17854645
19235482
13182605
13786189
16395165
457539
3468904
3375188
20362040
14192510
10889511
16973845
13961169
19670639
3455797
1407151
13578440
21348353
10968809
6199776
1470721
12823469
6048389
6296114
20055333
18767557
6497308
5673525
3347008
2020565
2388876
1075540
6551703
14989424
9186893
18595853
2356763
18913701
620067
17100984
12295907
7838169
1150251
61048
20895501
11165416
5837364
922842
11497027
10347531
7463305
4443420
945780
9300270
13457855
5962537
4025302
14935685
10350807
13350376
19579544
17062973
16019645
334332
12141243
3226422
5637480
2478660
2490456
11841744
1920951
20939410
4744884
1491692
8205824
11152964
9287163
12192360
10533652
8131113
6848580
9940554
6441603
21282162
16817870
19205991
7465271
8127181
7722171
20582896
16007193
10793173
16559004
3503638
9465420
13044325
11306973
16310624
18185600
9750500
18059116
2293849
8003974
18354682
14154499
15605460
19017903
8836277
1371762
4364777
13649219
18611582
18260966
12562637
14493319
20839796
11763102
9558481
6489444
5853748
14374699
5494612
12105853
15980324
10145681
5031930
7352549
13647253
196707
6747655
1411083
10240707
16101565
8626563
12123548
13483414
12010827
12248066
2428197
6056909
6632967
7547846
3907993
7140869
19399976
16688765
20090723
122651
131826
7100237
91849
14351106
5197080
9920893
12115684
15348560
3447932
17688184
5450048
20204099
15893161
18979893
20625494
6658526
15328899
1547397
149521
11133959
10732225
2475383
16532790
5691219
329744
15434411
5599469
13591548
3391572
5356987
15058892
10494331
4997196
12404041
13401494
6551048
2340379
15725390
11386271
6742412
8298885
11343018
13619728
8498769
7565540
17593157
15644781
13122967
227508
11491129
14994011
16785102
20727074
3385018
15409508
553221
9394642
17019720
14156465
14082410
4299241
10597222
16055034
7354515
15207658
21342454
21215970
20479349
4467668
10813489
8622631
20890913
2306956
15591042
12866723
19409807
8271360
16159892
15540579
12212677
6957369
21246117
6289560
15111320
7439056
16638957
20915817
16336838
5060766
18076155
17631168
6877415
11221777
6052321
141657
459505
6861687
3618325
12425668
8935236
8229417
10605086
5884550
14031292
14752840
12382414
19763044
8587242
6104094
12820192
9791788
19388835
15979013
8901158
2185060
12934225
20198201
6990137
15314481
4246813
10233498
19678503
18167905
12387657
11247336
14357005
12160248
10975363
7730035
10133884
11487852
11287312
8261529
15083140
8589208
18234096
19217787
442465
551255
18251791
8617388
11751305
12705505
18570950
16475774
12273625
1972724
17745200
20422989
9653508
5699739
12795944
13594169
18204605
10528409
8745183
10923589
21234320
14410088
7051085
11358746
1194815
14004422
3150400
18662044
8797611
4031856
12555428
19482551
16749057
21463040
5396964
21354251
1698129
20469519
5087636
6356407
58426
19036909
16233292
10466806
1462201
2520602
16005883
12546253
5332739
3569174
17701946
14786263
18447087
15495360
11194907
20017978
18310118
8194683
3761193
8566926
3812966
4339873
8931960
6575951
7683505
12501689
13585649
4892995
20392842
11153620
7152010
13726551
677739
16432520
17232056
12145175
8235970
19581510
20780813
13219960
10995023
20236867
18732168
3881779
3799859
5898968
14373388
1753179
12390278
17845470
11551421
9521781
18232130
3520022
9235390
1726310
827815
3660924
1152217
3698934
4234361
9131843
21432894
10994368
16379436
14254113
8772708
2311544
18887487
9617463
2485213
8993563
17476504
11673973
13456544
193430
2609731
935294
18960887
19231550
15547788
16411549
4149820
8110142
11773587
20411192
5271791
13411324
19068366
17554491
13002382
17273343
3035058
20658262
13062019
765556
1766942
3741532
1031631
20229003
6892489
14619803
12314912
1968136
2362661
7539326
4166204
2217172
3284749
19275459
17266789
14997288
12248066
12917185
2806993
10377677
14621769
12780871
255033
15883986
16168411
4987366
8813340
155419
8222863
12394866
1525771
15843354
14117144
11701498
4855639
17249095
16190693
15508467
5501821
2971488
2968211
8635083
15297442
6433739
272728
18519177
13007625
4741607
3733668
9002083
7967274
20355487
20049435
6178150
8806786
13594824
5616509
16758232
13356930
12245444
17265479
18780664
17720296
11858784
20113005
14608662
10288548
7134315
10864607
18035523
13109205
10079490
8958829
8381460
7534739
7313228
15535992
2573686
21309687
12880485
8024290
20400706
20747390
18587334
5895035
8032154
14008355
19719791
17680320
10384231
9127256
4054793
12195637
13187848
18051907
17589225
3212659
3032436
8046572
1634560
3984014
9833075
13185882
8616078
5302593
14290813
6656560
18785907
12652421
173769
4282202
8129803
16967947
12515451
21461074
5078461
20460999
7652703
10350807
13207508
13505040
424771
765556
9983152
2560579
15292854
13284185
6113269
6600855
3107147
10988470
10485811
14659124
3363391
16663206
14106658
15221420
5020134
17639032
9818658
4189797
462126
21343110
10879680
17713088
7790983
12567225
20770983
10715186
19179121
3731047
3208727
13962480
15532060
15055615
19466167
3947314
5178075
4113775
2181783
4342495
12112407
11173280
19934748
3615704
14443512
2930856
7849310
14288192
16268025
3179236
11789971
8753702
17410313
14469071
7293567
14187267
21289370
18669909
18693502
15566793
17158656
11455739
7594376
13752765
12551496
15031367
19925573
16508541
9230802
2647086
17795663
8752392
19945233
1327853
14217413
2043503
19297741
5737094
1342271
16328318
11926941
12543632
11115609
8041985
3923066
1470721
13734415
5620441
17742579
620723
14286881
15536647
966096
19291187
10013299
2876461
5372061
7345996
18245237
3485288
14243628
10922934
9256361
5973678
9120047
17800905
18504103
4222564
18979893
5815737
14806579
8994874
12931603
9771472
13673467
11266996
2156879
11566495
12340471
8017737
18924187
5842607
20977421
18662700
16283099
2936099
2836484
9588627
500137
20798508
19295775
20059921
10365881
20915162
6012344
20401362
19195505
11713950
13003037
10472704
17899209
16780515
12763832
18192809
11359402
2523224
1852138
12204157
14676163
20958415
15447519
11214568
17751098
18002100
7229342
17547282
4772409
13923158
8634428
14494629
18534905
20434130
4460459
20078271
12576400
14530674
3287370
7308640
17921491
20757876
18859307
5679423
2345622
20708069
11409209
705264
13381833
20604522
20451824
10671277
4450629
17258270
1166635
346128
21233010
21440758
3917823
10832495
18825228
7819163
15752915
14979594
8269394
14919301
17532209
6378033
17734714
6558912
5029309
3170061
8617388
18869793
12253964
2240765
4913966
11080220
14187922
15991465
17788454
8592485
4886441
12523316
2229624
20959726
20757876
20276844
7522287
1167946
18430703
3200863
6816467
16022922
21259879
3728425
18487719
13592203
14392394
9308790
4581045
1723688
2436061
18287836
8694720
2133942
10305588
18596509
18604373
14263288
11793248
11439355
15984256
19110309
17403759
8182887
20642533
21016742
5355677
3797893
11815530
7289635
13191780
5372716
6372791
16918795
9475906
11680527
4695077
4986711
13333992
838301
19634594
16157925
16903066
15317758
6708333
10253815
6642798
14801992
18298977
3608495
3643884
15638227
13470962
19552675
10865263
15585143
11251923
17790420
2192924
7851276
18975305
4684591
13036460
12636037
15528783
298287
16391233
651524
911046
21256603
9160024
1921606
5398275
12978133
14126319
16640268
5305869
19181087
14358315
21374567
3709420
6824332
19355412
9530956
8365731
20934167
544046
15755536
14872115
1576888
2803061
20259149
6484201
1851483
19312814
4841221
14199063
10312141
824539
13659049
12300494
9329106
16138265
18078777
15101490
9658095
11476055
18465437
21227112
5537210
1580820
10449766
20852247
20077615
11371198
12310325
12878519
13466374
21173372
17235988
11250613
17029550
7442333
2669368
8866424
7959410
9879606
10830529
7128417
16619952
16215597
3124186
15170303
2700170
3569829
17922146
19432089
13606621
13570576
12305737
20881738
11040243
20323374
3150400
11725091
7995454
5281621
16999404
10363915
9507363
19574957
13131487
4964429
12835921
3617015
19406530
10314107
11375130
3532474
1059156
2416401
289112
17355918
2669368
21396849
14063405
3170061
19051326
13906774
690846
12278212
6448812
6246307
13653806
13214717
5164312
7581924
11036311
13925124
11921043
19743383
610892
4981468
2587449
3945348
13517492
9032229
1249210
9114149
1135178
17054454
16448904
11519964
18220334
10709288
19744694
13997214
13832719
1689610
2156879
18874380
1135178
8192062
4487329
14864906
13489312
6767316
6746344
80053
16644200
15917409
2177851
9606977
475889
6087710
12263794
19482551
12053425
7168394
3126808
17643620
9897956
789149
18060427
6299391
9875018
11464259
14153188
11557975
16043893
5341914
18393348
15087072
13623660
10628023
5313734
12475475
11325979
4006952
4189141
5708914
2195545
20071717
9646954
5586362
1998938
6624448
10436004
1793812
12832644
11703464
10846913
19424880
6567432
10443868
15944279
4921830
12021312
584023
5424489
3808379
13928401
18325846
17581361
8129147
5299971
16152027
3125497
382828
8617388
5944843
21300512
1363242
20900744
974615
8561028
4458493
20221139
9785234
14368801
11827982
10176482
2091344
5520171
12072430
3669443
13809781
4716048
7433814
8410951
10706011
8390635
16045204
1388146
21352940
20006182
6939674
19139800
8580033
8895260
15460626
7486897
11579602
2029085
10242673
8529570
6363616
11402655
17090498
6431773
16748402
4417205
6515003
9816036
9457556
6507139
7292912
14400258
19617555
6505828
17239264
15680170
18766246
11711984
1759078
15946901
14596210
9041404
2338413
2152947
1925538
7423983
1300983
10728948
17896587
3736945
15952143
19633283
6799428
4482741
4020059
19964239
5206911
9926136
10564454
7415464
9230147
6998001
9412992
9677100
13107894
6534008
19620176
18922876
10425518
20824067
14431715
9899266
17690805
17051832
9975288
20132665
18926809
289767
1487760
333021
19868557
3926998
5453325
12798566
3042922
12364064
4301207
13448680
15263363
1854104
9091211
10046722
7034701
16960082
15374774
4039064
20459033
17535486
3215936
14642740
1544121
14992045
14265255
636451
5307836
18017829
5905521
21430928
5147928
5847194
9273401
1912431
10453698
7616658
12012137
971339
4577768
11962330
6655905
4611191
20582240
150832
12041628
14716140
17219604
20186405
14740388
12695019
1409772
15335452
2970177
10751230
16705149
11732955
18504103
6219437
14530019
13432296
12490548
8758945
774076
16280477
10527754
20273567
2072994
4388370
7825717
8502701
8137667
18445121
13900876
11850264
14290158
9331072
11242093
8364420
19910499
17249750
11164105
8576756
21062617
3273608
14232487
5092878
3317516
2389531
15533370
2432129
16003261
10829873
12497101
17709811
11767689
19074919
5215430
17945739
5132855
11339086
11396102
6731926
19181087
20807683
21468283
11282725
8975213
18472646
1874420
10814800
3955834
4022681
918255
8235315
13654462
12204157
14233142
6921980
3413854
16559004
7834892
8678336
21308376
2310233
13522080
9387433
9864533
18491652
7391215
1080128
6552358
8656710
1631283
21352940
8939168
3347663
17410313
1175155
15212901
1221030
3950591
10348841
9876329
14632254
15842043
7419396
18785907
14597521
5031930
15425236
3325381
14714829
11980025
2082824
18538837
7486242
5043071
20727730
18473302
14096172
2255183
19445196
12712059
4041686
3743498
3570484
319258
10089320
3871293
1936024
20088757
1683712
19363276
6657871
1020490
14081755
15970493
2548127
9618118
10436659
13520769
19723723
19582821
17057075
15686068
3391572
15250256
9061065
1367174
14175471
5303248
755726
10573629
16110740
6505173
11236195
3352250
1897358
3476768
15935104
18563086
13174085
8678336
5583741
10410445
10841014
13883181
5626339
18378275
12185807
249135
5746925
5520171
20348278
13017455
17615439
20760497
12548219
16983675
17254338
20158224
6534664
11211946
11589432
2783401
20712656
11759825
7072712
10906550
11829948
15815829
12565259
5916007
13691162
6989482
4685902
7171015
2455722
7785740
9300270
11285346
12618998
2764395
12590817
14632254
7760837
17607575
5720055
156074
8689477
5792800
5374027
18010620
4541723
21357528
10595256
6360994
20612387
7342064
17371647
18736100
18797703
515865
8435199
10354084
4436211
17545316
18267520
129205
15418027
15196517
18963509
18478544
2280742
5760032
6123755
13389042
5307836
11632030
8953586
5341914
14576549
4667552
17192734
19298396
4868091
8146187
21071
19928849
3839181
13054810
9568967
1050637
19639182
15379361
7304708
4492571
8504667
19379005
7222133
4599395
9154126
12884417
2304335
13412635
1749247
17294314
10488432
20629426
4795346
3568518
7251624
15980324
10688972
13110516
16623884
8801544
15592352
17133097
20369249
13250107
2044158
3736945
91849
21316240
1127969
19559883
8235970
17990959
6712921
10986504
2907263
17776657
18922221
7817853
8212378
5111884
10798416
463437
12917841
15595629
9437240
10619504
18801635
4352980
21128153
7134971
16570145
17604954
13253383
16699250
68257
13131487
4600705
16638957
11405277
17503373
4392957
2408536
5592260
8701274
2022531
10323938
21245462
18736100
5489369
15687379
16455458
16690731
8399810
2247319
6686707
2362006
12380448
15760779
14144013
21258569
6243030
3691725
14499217
15724079
7272596
5423178
13174741
17524345
1552640
1099133
7589789
16838841
17548593
4950666
10513991
12994517
19542189
11860094
19774841
11384305
5456602
17960812
2103795
20934167
17144893
3191688
12582298
9832420
18181012
10693559
2071028
2738181
12951919
17717020
13918571
19480585
18479200
12082916
197362
16995472
5088946
11816841
1717135
6954748
18643694
12511519
7971206
16907654
20626149
8050504
5022755
2982629
2407881
4828770
21429617
4719325
17346088
3299822
14482833
5841951
21330003
17316597
8152740
6300701
2944618
19185019
2900709
5601435
14687960
9757054
4320868
16207077
6596267
15577935
12896869
313360
18609616
19141110
21183858
20573065
10250538
10812834
11031068
4147854
12811673
18154798
18631898
11964952
11462293
565017
2306301
4529927
6248928
1829201
10310175
17650173
3006877
19006107
18507380
18593232
18070257
1721722
21084899
12436809
19605758
20105796
1854760
12731719
18310773
6138173
4250089
16738572
15536647
8575445
13457855
7377453
120030
1153528
19112930
14785608
2624149
12440085
14959933
1918329
11721159
3579004
3243461
15106078
19122105
4603327
17941807
20418401
19257109
21452554
19854794
17057075
15371497
9634502
21255292
20434130
8545954
6473716
13946096
12246100
21326726
9229492
15473733
8523672
3617015
13137385
627931
20860767
16107463
11416418
11491784
18856685
2036294
6214194
19904601
12558050
14992045
4334630
7394492
19346237
20289296
3775611
8248422
12582298
8767465
9335004
954955
2999668
12997794
18896007
16449559
6556946
13134764
18650903
4816318
6796151
9571588
14769879
656767
9015190
13434262
10919657
21413888
15127704
17317907
2105761
2647086
16511163
19417671
1595894
20572410
5524103
13138696
21090142
10660791
17096397
15338074
20890258
5696462
7787051
2332515
7925987
16190693
13222582
20096621
19230239
18212470
4757336
15662476
18386794
9034851
15115253
21223179
890074
15853840
18293078
1724999
13824199
17977852
4615123
18918289
20719865
11323357
15406231
1186951
4195039
3839836
19823992
8350003
1021146
20365317
21086210
1574267
11234229
12902112
16940422
7591755
12818226
12527903
8327065
9498843
2099208
10897375
3221179
2338413
12202846
14929131
16319799
18198052
8240558
20329928
11563218
685603
19600516
3957145
2902675
20699549
21463040
2785367
2609731
4691145
11807666
14411399
11067768
4205525
10789241
1619487
16498056
6098851
20725763
15094936
5304559
11576980
17167175
8159294
15909545
6215505
9295027
1845585
532249
12236925
3898163
2390842
240616
17007268
18543425
7351239
11177213
11976093
21141260
17799595
4339873
445087
5943532
6274487
13681331
15117874
18761003
15628397
3303099
3814932
19303639
16334216
8321167
10848223
16199868
19510732
2478004
18536216
19015282
8800233
8557095
5175453
6590369
16572766
12049493
13467685
14366835
14946170
852064
12622930
3151056
11538314
13569265
13840583
20008803
20432164
3809034
7662533
13092821
19094580
4329388
11084152
4362155
12706160
11886309
7676296
3480700
15994742
12213332
4178000
1774806
9605667
16954184
8279879
9359908
3217247
16587184
745896
1874420
4747505
326467
7231964
19087371
6381966
11470157
20829310
2670024
1505454
2637256
9547995
1926194
14434992
17696048
17447668
12649144
6712921
13866798
13830098
13491933
6908217
1123381
14589656
1871144
5587018
5638135
1276735
13974276
5341259
19017903
11668075
16806729
3752018
19882319
13276976
421494
20015357
14784297
19508110
7954822
7526219
13233067
16941077
2127388
20844383
12662907
13116414
14473658
6894455
15484218
9538820
3541649
18323225
3731702
15990809
18637796
4111809
828471
18249825
9449692
18316671
17123922
15305961
6992758
2044813
8732076
16692041
16195936
1001485
11394136
8644258
1979278
16669759
20543574
15942968
17812046
9868465
15534026
10449111
21081622
6356407
21315585
7916156
4084939
7190676
4232395
18222300
6446191
18585368
10624747
18791805
14999910
11341052
1304915
2878427
4145232
17226157
5342569
14818376
15329554
577469
3276884
9151504
13269112
13149182
12873276
4064623
18871103
12782182
2281397
997553
20231624
4244191
17818600
12006239
11352848
11662832
909735
10322627
3553445
4028579
3534440
16853915
15615945
13339235
19004796
9224249
16492158
8511876
8585931
16406961
19890183
861239
6501896
21140604
3913236
8692099
3354216
11697566
5393032
13210785
5919284
19937369
19141766
5742993
16280477
14790195
8824481
770144
6143416
3473491
3254602
7403012
15842043
16321765
5010959
5588984
2909229
5428421
7294878
5581775
20691685
20141840
17718986
745240
8281190
2443270
19886907
21067860
8475831
16218874
7665810
11559286
9130533
17215016
1545431
603028
9870431
20656296
10178449
3269675
3453831
9528990
18305530
17283829
1290497
11014029
7097615
7620590
7172326
6197155
2228969
1205956
4292688
14640119
5381891
15901681
9921549
18935328
19251866
9659406
5132855
6414733
277315
3533129
8690133
7872247
13583028
6089021
16587184
2451790
16342736
272073
11930873
19540223
16498056
6811880
2875806
6157178
11563873
12790046
14140737
5433664
3480045
15669029
11278137
21402747
9644333
14353728
5345191
8316579
1006728
4314314
16524925
3953213
9489668
1614899
15467179
7620590
13486035
2555992
14835415
8855938
15495360
11137891
331710
3753984
6562844
19591996
2527156
18387450
16820491
9757709
20255873
19186330
11221121
10871816
10992402
8915576
1569679
2377079
2569099
16330284
5086325
19445196
4782239
20438062
5864234
13591548
11473434
11371198
420183
19348859
7849965
14058162
4537136
7582580
15932483
18986446
16690075
19369830
7001278
11324012
8528915
3961077
14575238
21224490
2137874
19177155
19086716
21726
3898163
3024572
2227658
3493152
4988677
11080220
21290681
14453997
11634652
21075724
14288192
14703033
14488076
5951396
2221104
3656991
10568386
21048199
12725821
15351836
8633772
18880278
4937559
2945274
2547472
17612818
249135
7464615
15325622
14565408
11615646
7498039
5140720
13176707
19048050
16891270
15146710
5711535
13417878
20421678
14811822
983135
12634071
13868108
7880767
3788063
7893874
17608230
4989987
13853035
1748592
8060990
6556946
15423270
9804895
1162703
1986486
3805757
15996708
17442425
1968792
20006182
10941284
12579021
2535676
3541649
17425386
18382207
5031930
14396326
17783211
19744694
12128791
11430836
9325829
5788212
16673691
17373613
16695318
21376533
10875093
8044606
8129803
12992551
11137236
12339160
16952873
3820831
18679084
18308807
7255556
5467087
18610271
82674
21303788
7910913
2043503
4554175
18798359
13444748
6524833
11282725
9941209
5235091
9044026
19939335
21272331
9531611
10505472
14311130
2332515
13311055
17072148
20970212
6667046
3750707
21037713
19006107
3611772
20173298
8756979
4818284
19454371
12417148
12408628
11319425
7350583
19019869
18350094
20476728
15748983
8229417
6546460
19506144
11748684
2586793
19738141
10806280
15050372
1889494
21426340
11195563
6292182
3168095
21154367
857962
7724792
19031666
11432802
7894529
14790851
6459298
1502833
9706591
4742918
15417372
14406156
8904435
1510042
18417596
10439281
7924676
14949447
9557170
11475400
3819520
5468398
5955984
2694927
6581849
14279017
3270986
15047751
9184927
8991597
12113718
7943026
20084824
14286881
12305082
19908533
464092
12957817
16222150
13446714
10226290
15260086
13739658
10683729
18492307
18089262
11500304
10445834
4714737
15693933
3444656
4205525
20914506
19669328
20904021
11017305
3641918
13720653
13282874
19392767
15477010
15679515
8296919
13933644
17481747
480476
2136563
17613473
2737526
6882658
7043876
5419902
405110
9865843
7325680
6782389
7351239
10326559
15069378
16277856
1017214
9892058
19530392
8564960
4672139
376274
21453210
20636635
15141467
755726
10728948
17522379
361857
13485380
14225933
19922296
13082991
18947780
7762147
16633059
5305214
8692754
12335884
11400689
12523316
4461770
18264243
6230578
13214062
20715933
14389117
13092166
3777577
3546236
2224381
3419752
2389531
4343150
14507737
16206422
6588403
19806298
18032902
11957743
4591530
14366835
20867321
15427858
748517
7576681
6138828
5563425
4794691
12394866
12495135
9667925
9739359
7567506
4889718
10544138
15429169
9207209
6128342
16245088
15245669
16752990
3980738
8572824
2977386
5780348
18380896
12579676
3215281
540114
15339385
3207416
10534307
12163525
9120702
20168710
12590817
4248123
17845470
13937576
3875881
15353147
20802440
8699963
14938306
20320098
12107819
19224341
20858801
3529852
19842998
6867585
11498993
19276769
13501108
20337137
1386179
3727770
19846274
11859439
4084939
15565483
4939525
11241438
6598233
4071832
14244283
19637871
11600573
17983750
21181237
4851052
11256511
18284559
18996932
4222564
3358149
15001876
21069826
8285122
20932201
13293360
10595256
17764861
6864964
16449559
20158880
11540936
20082858
582056
17083289
3396815
3559999
1260351
11271584
11067768
8705861
12115684
18481821
8053126
20495078
7476412
16592427
3811000
20209342
3788718
225542
688880
9963491
20934822
13599412
16151372
13117069
8514497
9281265
4565316
10976018
6221403
13997869
17419488
1673226
2094620
19681124
6742412
12782837
15468490
16492158
18629277
17344777
18727580
15482252
9829799
14344553
9933345
5195114
12835921
8574135
769489
11993787
11272239
597130
17111470
15140156
14811167
919565
5514928
15256810
17523689
7290290
634485
7207060
6773869
2177195
17372302
5688598
7222133
16720877
1280012
3432859
4907412
17567598
9692829
10306898
15159161
6471750
12231682
10252504
10455009
3177925
20011424
5843262
14923888
828471
18091228
8856594
17187491
15362322
2494388
17810736
8241213
17517791
4350359
12647834
10814145
19230239
15927895
7511146
20358764
17121300
1774151
20017323
3292613
466714
17103606
19422258
1479896
5499855
15342661
12748759
16136299
15413440
11229641
9144951
20791955
10054586
9576175
60392
12716646
7608138
1011971
17639688
1470721
15723424
14647983
901871
15788959
13558124
13578440
4540413
5978266
11031723
9700693
7467892
2215861
6123755
11981991
6280385
19381626
15356424
12853616
15813208
4383127
19763699
13395596
17732748
3799859
1500867
12837887
16207733
10294447
20758531
5979576
5375337
9212452
