9201967
16435141
7353860
21143226
622689
4497814
11782762
19841032
328433
8631151
17688839
13346444
2454411
5378614
14587035
7249658
14147290
19658187
14135494
18717750
10007400
17160622
10559866
15384604
10723050
3984014
6541873
1420258
20822756
12067843
16673036
20597314
686258
3286715
14239696
7226721
15773231
15020226
12610478
6403592
8068199
245203
10760405
7245071
19879042
7076644
15684758
17927389
14355038
492928
89228
12757934
15486185
14105347
8102278
15013672
12588851
20624183
9701349
10207284
8450928
15597595
17245818
17938530
21210728
3721216
386105
16983675
11114954
17231400
5363541
8844797
14687960
5998582
14975661
304185
6480925
8003974
19639837
18396625
7147423
10325904
7636974
2791920
980514
16687454
1357344
11103813
9845527
10867884
19445196
2302369
15496670
9907786
5758066
20298471
12795944
3775611
13046291
21394883
14649949
18392693
16575388
17355263
12035730
12768419
10647029
14001801
10562488
18945159
20943342
9081381
18094505
20767051
19943267
1743349
18987101
1633904
1089303
19683091
2728351
852064
5685321
8915576
18120064
7460683
14615871
252412
20136598
3582281
14246905
10903273
17470605
7646149
19765010
9374326
8734697
49251
233407
3381741
566983
11090050
4016782
20605178
3642574
17520413
20844383
20522603
20668747
13451301
7994799
1078162
8251699
9329106
3427616
16295550
19996351
2598590
1734174
3523299
18805568
17363782
9634502
16886682
16709736
20438717
21333935
14015564
8712415
4379850
8340172
7371555
15401644
1935369
7643528
6416700
1441229
380207
16323731
3603252
6178150
14102071
12704850
10239397
17255648
4721946
5400896
8676370
9365806
14495285
861239
20132665
1154838
9012568
5526069
4286789
15537958
9673168
17616750
4692455
11198839
11964952
17293659
19937369
14114522
12330641
17587914
14588346
1493003
4710805
13032528
817985
3180547
11855507
17260236
3467593
15883331
12494480
5004405
11228986
1983865
1255108
14204962
5879307
19261041
20939410
8910333
454262
1692887
17508616
16357154
6492721
10724361
1629317
10090631
11555353
4742918
2058576
9549306
16016368
10575595
15542545
18297011
17037414
2433440
18333711
13632835
10212527
7055017
7781153
17782555
4161616
19643769
10236775
12431566
11183111
13130176
2271567
5973678
9254395
11901382
3558032
15233872
10277407
18599130
9239322
13349721
15115253
1363897
20155603
13585649
11796525
9296993
10525132
18636485
12170078
734099
5566702
5204289
4222564
10468116
1281322
17002025
8619354
4281547
6255482
20565201
9290440
3969597
2130665
5045037
11063180
3029159
16690731
1856070
15632329
19958340
20329928
11409864
18542769
2620217
11639239
6738480
11749339
16514440
2877117
1242656
8534158
917599
13363483
6765349
10920968
19647701
17789109
19550708
783251
11246025
431324
10613606
3644540
8289710
19304294
15128360
5716778
2408536
1756456
18194775
9393331
16716945
13053500
10757129
7749696
13192435
10783343
20406605
12943400
3440724
19907878
18403178
4960496
11861405
20463621
1565092
29591
1946510
10291825
37455
19245967
16027509
7239173
8943101
6415389
16426622
2250595
2945929
12515451
460160
14336033
10251848
8593795
6090332
1131901
18548012
9584695
853374
12265105
11499648
21172062
1013281
17120645
15702452
19742073
5531312
8964072
5735128
14419263
5919284
10293791
19640492
14688615
154108
1561160
10379643
17021031
14020806
20892880
316637
5794766
15119185
5989407
21340488
17517136
2071028
12377171
21134706
5933701
3839836
14119110
12758589
8003319
13997869
7062226
3819520
4733087
2882359
7264076
3867361
19785982
10996989
20441994
11362023
201949
15620533
4583666
21156988
653490
3489220
8926061
18256378
827815
5938289
17532864
20280121
6221403
13955926
2797163
5541798
19619521
2002215
17734714
3909959
18154143
20987251
16371572
15580556
17148825
9436584
4170791
13435573
12025244
13389698
14528708
16248365
8338862
13084957
19373762
15967217
17128509
4026613
34178
4026613
10873127
2932167
7238517
8774674
17913627
3392883
6915426
2413124
7026182
2708034
6381966
19037564
19166014
17353297
21356217
20057299
4818284
15279092
13320885
20373837
17230089
4609880
1911120
11592053
5215430
13672156
9403817
2386254
6137517
8653433
20521292
12935535
4227152
20681199
1158115
21412578
18624689
13231757
8926061
114787
8424058
19362621
9635158
17734059
8777951
15243047
12415837
8468622
20928924
16535411
8756979
548633
5794110
14419919
6041180
18306841
19357378
1595238
5927803
20874530
1995661
5695152
3409922
15060203
11597952
15381327
7224099
18288491
4585632
17200598
7113344
9160024
19120794
6986860
17476504
13950683
14930442
631864
15519608
15653301
9284542
15370842
10825941
5660418
21259879
3463006
38766
15028745
12853616
10056552
603028
15924618
4791414
251757
3189066
2626770
18728891
13692473
15248945
13858278
2225036
5804596
13856967
19255798
10936697
12542321
1766287
11573048
9861911
19221719
6302667
12696330
19045428
19990453
282558
12918496
8519085
13581062
14065371
2538952
10204663
13875973
9918927
7863072
1863279
14202996
2541574
11480643
9353354
5364852
18401868
12510209
3746775
7800813
12677325
20781469
18102370
3129429
2146394
4419827
17485023
4643959
17444391
14303921
11462948
1689610
4183898
10939973
7087130
17496820
6478303
3763815
12421735
15385915
10770236
6950815
10748609
304840
19717169
13714099
8137012
7663188
13206853
8566270
10078834
4299897
1189572
4788137
8409640
16313245
18663355
19192228
6013000
14678785
9816691
14379287
10197454
2227658
9994949
21225801
779974
4708184
14149256
20827344
18503448
1484483
4881854
13381178
14760049
13989349
1160737
3563931
16260816
942503
21018053
7756249
9399229
14662401
12575089
5946809
12063910
9799652
11771621
8102278
16806073
16511818
1335717
7496072
15421960
4980157
8534813
12261828
3610461
2965590
2145738
13573853
3960422
8059024
18808189
17283173
5933701
20093999
14782987
18890764
11415762
14547713
2120835
5744303
20083514
10603775
8211067
16649443
14305887
11758514
9702659
20668092
14050953
15580556
2533710
10373090
3822141
20835208
15454727
6891178
16844084
13847137
14051608
6944262
6714887
12612444
18036179
20190992
6503207
231441
13739003
12324087
12229716
19437332
6054942
9603700
4807798
2091344
6514348
8485006
19839066
13449990
1095856
10443868
13605965
12622930
16560970
18926809
14493319
2298436
6809258
17890689
7517044
12758589
169837
5075184
19725033
20162157
14357660
13575819
4479464
17216327
8226140
1590651
13843205
14086342
21290681
16340770
20871908
15867602
18521798
18139070
9876984
12174010
20894846
6815812
18581436
3681240
17712432
8268738
20094655
15288922
4960496
5020134
15817140
13357585
10794484
12773662
12462368
20290606
1442540
315982
18070257
317292
1059156
5086980
9382190
3009499
18180357
12894903
5450048
9555859
4938214
18540803
6572019
11270929
25003
7628455
19335751
1574922
15849908
18606994
12744826
2915127
14148601
3875225
4755370
3129429
2940031
14043744
16807384
8620665
19269560
16172999
9784579
2953793
9146917
20406605
11434768
18234096
13380523
19089993
11814875
503414
4985400
4769132
8587242
20118903
1615554
660699
14950103
14424506
13452612
4921175
4026613
226853
20495733
18507380
10492364
7811299
12137966
15035954
19681124
8287744
3796582
941847
15277781
9423477
20540953
2865976
9101697
11930873
5428421
1732863
16064865
1362587
7553089
15520263
12571812
11188354
6251550
6575951
13232412
2703447
5619785
8760256
3507570
5361575
13480792
21428306
13486690
5493302
2111004
1096512
5987441
5519516
1710581
13202921
14508392
20801785
15910856
15823693
10943905
6732582
17690805
3464316
3021295
20086135
15625120
4263852
13162289
5938944
19350169
14493319
9238011
8088515
1540844
7921399
18743309
1024422
7410876
18034212
2923647
12517418
15102801
1191538
1569679
14058162
20105796
15568104
17629857
11989855
11493750
15937070
2034983
9837008
12466955
13908085
9179684
16979743
3328658
11040243
2981974
10393406
6731926
3469559
6747655
3132706
3025227
2346277
12325398
18907803
19948510
3651749
19660808
19053948
73499
2010079
8781227
10734191
5007027
3534440
573537
17617405
16144818
3484632
8385392
13008935
19835789
12622930
15336108
12077673
1831167
12136000
15591042
15142122
1998938
6916082
18264898
20116282
4499780
14123697
9257017
10845602
7688747
6494687
5905521
10573629
5974989
12386346
6488133
21369979
13168187
5480850
12417148
3192343
9861911
890074
11041554
14050953
8805476
12050148
11009441
20714622
13444748
5982853
18110889
16812627
20632703
5229848
593853
722958
14484144
1588029
11054005
20610421
16480361
1757112
19963583
10801038
9954316
20350244
14493319
13401494
18799669
18245893
3589490
15421960
8211722
9772783
10512025
16806073
16165134
14564097
15918065
10578872
11626132
13159667
18599785
18074845
17047900
11691668
5162346
10787275
12640625
9644988
17217638
12115028
9628604
18994966
16483
17288416
3250670
14603419
7635008
3253947
20941376
7128417
19143076
10419620
19378350
10949148
5292107
9682343
17636411
12473509
15554997
9085313
5396964
11965607
1628006
6161766
13436228
8040674
6221403
4072488
14201030
19445851
3761848
19738141
18217712
13270423
344162
1413704
12670771
5993994
1690920
13394285
515210
13257316
5479539
4022681
1214476
7382696
13339235
8602315
13768494
9496877
4138023
17476504
17874305
2846970
14177437
17295625
13872040
8898536
8224174
15543201
5537866
12814294
9111527
19472721
12264450
15479631
19524494
15758813
14689926
6040525
10421586
7903049
6222059
3272297
3624224
7373521
11563873
2704758
7646805
14053574
8468622
20757876
6082467
10822664
366444
8394567
15317102
7841446
4309727
18821296
2869252
11042209
8593140
15193895
5254752
14824929
8090481
3503638
438533
832403
21350319
5457257
2628081
21325415
4219288
19646391
20377769
5439562
14991390
1221685
2145738
11088739
8996840
8368353
11579602
2446547
4174723
8922129
5050936
4626264
17008579
10825286
12057357
16138920
16451525
9749190
5114505
15342661
3895541
9580763
2061197
21293958
15838767
17105572
9520470
8347381
6969165
8886085
6838749
21442724
11626787
7907637
8751736
12274935
4495848
10269543
19542844
971339
8795645
6888557
2846970
19042807
1683712
12281489
1987142
8755669
14815099
1791845
19601826
15138190
1238724
12932914
6195844
8258908
16908965
11567150
17347398
15593663
8813995
14807235
8732076
9481149
15694588
6934432
15895783
14744320
8937202
11388237
16137609
10324593
7816542
5423178
4683280
4099357
18781319
19023801
12006239
5067320
3480700
18778043
14663056
14363558
5031930
4191763
3367979
16991540
14457929
3045543
10342943
9829799
7452819
6731926
16078627
4854984
12561982
4620366
9991672
194741
18175114
8060335
17726850
8261529
8917542
8327720
4525995
4742918
3251981
16816559
4288100
16549174
17810080
2937409
18658112
19211234
2067751
6870862
14303265
12160248
12475475
6414078
13678055
6810569
3940106
8343449
6151935
16692041
1688299
7954167
18392693
20786056
9941865
8029533
6446846
10787275
12398143
20073683
15800756
7536049
777353
2833863
14153188
7032080
21360804
4543034
14982870
20436751
3970252
12944055
4025957
18160041
7568817
15743740
7560953
6855789
2683131
11782762
7897151
6473060
18102370
3120254
2012701
5872098
8276603
8972592
16110084
7737244
11175246
2855490
6973098
5081737
17444391
7133660
21222524
70878
13257316
10116190
6493376
14838037
4243536
4318247
10709288
11738853
10439936
4301207
13136730
16325041
11448530
20599280
16035374
16880129
3549513
19924917
5651898
19692266
19098512
19976035
3352906
5721366
12257896
5436286
8918197
17495509
19745349
6757485
13841894
14525431
6716198
6848580
15509777
5250164
21221869
17257614
16826390
7896496
2931511
10447800
6586437
4668863
19881008
6800083
12535768
21473526
21243495
2945274
7673674
3679929
8732731
18584057
19433400
6654594
15275160
12827401
7547190
6510416
20479349
11629409
10554623
131826
7574060
4077075
19388180
550599
12170734
13536498
13575164
16935179
2455722
8793024
5027998
11799802
20980697
18228198
9567000
10590668
19641803
4804521
5901589
12679291
11283380
15225352
16962704
7752317
12471543
10710598
8235970
4323489
14323581
133792
17154068
9302236
14282949
11810287
14944860
15654611
2134597
9287818
876312
1510697
19042151
17565632
2091999
19247934
11104468
6758141
6547116
12821503
4244191
14371422
17621338
203260
21262501
10261023
223576
1532979
10186313
6912805
14343242
6220092
20787367
5011614
5208877
3854254
17914937
19253832
18460194
7093028
19515319
10577561
8850695
5478228
12388312
12717301
10869195
14583103
11438700
99058
11618923
9106940
16117293
21187135
15155885
11701498
15060203
15461936
3698934
18766246
7376142
9932690
5742993
13527978
19785326
5989407
19434055
5330118
2159501
16283754
1249865
1862624
10168618
13404771
11917111
3573106
20710035
13818956
20963003
12888350
3575727
15892506
20173298
18641728
3048165
15463247
11765068
12765142
15373463
11057282
6170285
21101938
17090498
7465926
3242806
12137310
16062243
15675583
5898312
9100386
7748385
14921267
18516555
11523241
9206554
3703522
14695824
8782538
10416998
19639182
19964239
13811748
15412785
18764935
14851144
12973546
12815605
9556515
18694812
17974575
5304559
10158788
16618641
8439786
2047435
9353354
4165548
15455383
17717675
15138845
5289486
5838019
3606529
6385242
16074695
10725672
12145830
290423
9055167
7919433
4959186
8142254
14923888
1568369
13777669
6227301
8492870
1899979
21390295
16495434
2227002
5000473
14260012
15813208
9799652
18932051
3481356
4631507
3816898
21452554
14733835
18330434
2598590
2993115
15703108
4039720
2150326
1635215
17860543
11914489
17061007
4576457
20405949
912356
10880336
9360563
11804389
8671127
1186951
11998375
18837025
7031424
12531835
502758
10579527
20999703
12143209
134448
12296562
4484052
16967291
12664873
445742
7659912
13013523
3318172
19673260
444432
4430968
13931678
7102858
15786993
5081737
19121450
1021801
20206065
10859364
12006239
4506989
3473491
1746626
722303
9314688
17007923
11865337
15706385
8905090
8632461
15852529
2279431
12014759
20765085
13422465
20616974
14495285
19896082
17498130
4868091
5246887
10305588
5642068
18910425
6931810
524385
12632760
2800440
12535768
3050786
15872190
11839778
11729678
895317
6235166
6726683
11072355
18519177
3420407
3451865
5761343
15982290
381517
6475682
250446
1574922
3925688
18451019
13979519
17315941
5738405
1000174
19195505
6052321
7969240
15381327
4811730
9103008
2053333
9537509
5921250
15994742
3442690
17233366
13722619
1129935
19438642
21021329
13504385
5801975
9852081
8518429
1027699
5830810
18331089
10610984
10185657
3059306
18680394
6821710
2302369
16555727
19096546
1849517
15009085
3731047
11586155
8194683
13037116
10007400
8833656
2658227
10669966
18882244
13505696
21124876
15565483
15781095
11918421
8441753
20097276
16714979
8851351
17300868
19413739
16791000
2178506
7874869
3195620
17611507
21453210
13898910
7695301
2709345
283869
12851650
3221834
20062542
14651915
8238592
4308416
4606604
12761866
5215430
5941566
15179478
19559228
1017214
4219943
3433515
5909453
15025469
5480850
3889643
19046739
759658
3084865
12987308
498826
8234660
19174534
16820491
16946975
9468042
18797703
15229940
8108176
13272389
8458136
8013149
13313021
10968154
19105066
5676802
2351520
14089619
6462575
9022399
14561476
4877921
12952575
19982589
10896720
17688184
1327197
6526800
14102071
317292
4936904
12898835
6167664
16958116
4733087
15895127
7851931
12304427
6128998
19079507
2730317
20626805
5012925
7119242
1702717
17878237
15364288
15929206
17788454
21463695
19579544
5219362
10933420
813397
13958547
3882434
2138529
10122743
10451077
73499
8620010
20489180
16796243
3466938
20783435
13143283
6475682
9241943
16318488
4271716
7988246
12102577
17458154
4785516
2748011
14638153
14891120
15026779
18802291
6532698
609581
14822963
2304990
9249152
19080818
5921250
4267129
12369307
6568087
2799129
6812535
3598665
15188653
7403667
12369962
4514854
11719848
14137460
20673990
13412635
19535635
16224772
1605724
3552790
8423403
16817870
4143266
7024215
34833
15988843
15541235
3015397
8449617
19904601
11645137
5786246
4449318
388726
5735128
6712921
16891925
1489726
21411267
15366254
1432054
20605178
11670041
4324145
19499591
11118230
14744976
2679199
14151878
20633358
10515957
14093551
4908723
17199288
4295964
4352980
9651542
18901905
16533445
20838485
294355
14798715
11324668
1652254
16368950
13392974
625310
2544195
13066607
7269319
13442782
12837887
18862584
18301598
16589150
2586138
7468547
12038352
13145249
16412204
16279822
17482402
18661389
11369232
1970103
4655100
12397487
5895691
8346726
6471094
14611283
971994
8276603
15847286
635796
4338563
16256229
15724734
17506650
5424489
5247543
16515095
20618285
17094431
9604356
7692680
10899997
10399959
12124203
20153637
11476711
8751081
18542769
12794634
13337269
17386064
3386329
16162513
8781883
11594020
1662740
10388818
5963848
3169406
8829724
13220616
14438269
534215
6466507
5691875
2403949
10850845
12314912
20907297
8844797
6939674
21140604
2015978
3206761
7323058
14260012
12546909
19433400
20407260
11549455
18635175
6670978
1131246
188187
19578889
9350733
587299
14602763
3963698
11609748
12692398
8586586
13864176
15785027
20547506
8815306
9114149
12071119
4252711
18922221
7426605
1068987
4797312
13044980
20549472
5468398
5796732
3396815
4554830
17852679
6862998
5372716
10157477
14144013
7425949
13603344
21011499
1148940
17108848
5731196
9492945
12973546
4737675
1428122
20027808
3297856
9460177
154108
14904228
20718555
3943382
18447743
1308192
12857548
12286732
7300121
2711967
11524552
8196649
20727074
6814501
1664706
10171895
8070821
11504236
11645793
6601510
9160679
395935
6788942
20165433
17500752
12366030
16309968
8858560
11435423
7789017
11165416
20398085
19747971
18012586
5911419
18171182
12994517
1612278
9445104
10224323
2401983
1335717
18570294
6831540
8794990
3791340
1366519
8633117
4212734
9910408
21368013
1871799
4061347
18869137
20025842
12383069
4449973
4010229
9754433
1593928
6987515
12949953
1770219
21258569
18948435
19429467
12995828
2166054
13388387
2704102
13108549
1573612
16306691
10868539
5680734
5417936
4766511
18202639
18599785
2692961
19306260
20123490
4435555
7858485
2756531
4022025
5759377
18534905
5004405
3367979
6271866
13839928
8139633
2193579
16011125
2085445
11516687
4712116
4773720
8466656
17705223
15723424
17268100
11441321
533560
10323282
19711926
19082128
11582878
3644540
4674105
14942238
12419769
19981933
11227020
7642872
18421528
7596997
7405633
21115046
12624896
13946751
709196
2001560
719681
1927504
1508076
18019139
9203277
8405053
11826671
15121806
11270929
4165548
7961376
1182363
11962330
6227301
3501016
9933345
19434710
16387300
10890822
4219943
5033896
14838037
9577486
17190768
8532192
12212677
18049286
3288025
18762314
2344967
12742860
19791880
755726
12387657
5870132
17494198
268796
6669012
3667477
11587466
9608943
12725166
6794841
18722337
19561194
11147721
10614261
15914788
5762653
631864
16745125
15934449
16614709
16085836
13626281
20923681
3711386
17266789
1917674
13314987
12850339
5623062
980514
3485288
11523896
7636974
4902170
14044399
13911362
3179236
17587914
20204755
15492738
16975811
6517625
5282932
11758514
741964
12074396
478510
21154367
3254602
15824349
10265611
191464
19683091
19395389
14675508
357269
17458809
1757112
14227899
3787407
2458999
13283530
8135045
2075615
21466972
9975943
396590
12889660
7650737
8337551
10295757
18945159
9268158
13971655
10131918
17919525
21132085
3733668
2908574
17548593
2010735
15810586
12489237
14153844
6151280
4784861
5685321
3592766
2791265
9979875
12680601
19931471
20519981
14971729
14307853
14611283
18545391
3606529
12899491
901871
14363558
19920330
5543764
18713818
20204099
7142180
18783285
972649
17104261
6276453
9473940
20033051
12905389
17001370
5604057
7505247
5003095
15476354
12601959
5788868
1516596
11618268
15996708
1728931
7612071
17667213
13975587
14154499
1792501
3875881
2674611
1103721
2162777
13794053
19564471
794392
11265686
21056063
17421454
7730690
3911270
790460
17853334
19468789
4299241
12314257
16226738
13133453
8840865
14607351
1059156
8041329
15717526
5796732
10697491
16462011
3482666
14874737
10519889
17405725
12380448
11241
7412842
13166221
20358108
19200092
12957817
2857456
3660268
18935328
14377976
18569639
2843038
14670265
15655922
15441620
4276959
8758290
7222133
18964819
16306691
11619578
12522660
20170676
21301822
5732507
5449393
549944
10966843
3453831
18731512
6836128
884831
16804763
1051292
13270423
16923382
4308416
680360
6872173
13896289
21043612
18654180
11852886
19757146
14240351
1903256
16262127
14753495
5962537
6551048
10910482
10608363
19312159
13967067
17770759
10957013
17260236
9589283
17247784
17467329
5093534
384794
16593738
20557992
7244415
1148940
18534250
10298379
5068630
9100386
3532474
10837082
18787873
18449053
6878726
2124111
12132068
8496147
17488955
11469502
17646241
21369324
15820417
2466208
10887545
5251475
6634933
15620533
17359195
11651036
20424299
16424000
1890804
14560821
3649782
12579021
2833863
4459804
1113551
3487909
17837605
11567150
13731139
1597204
17667868
2631358
20932856
10830529
2854834
14323581
1930781
8418160
7199196
16555727
15580556
8642947
5855059
19116862
1281322
18583402
18576193
840922
4883164
7319126
770144
2901365
19599205
20805062
6222059
8410295
17048556
5534589
20852247
14315062
2661504
10069004
15800756
3691725
4864159
5427111
5750202
9679722
4070522
14894397
16527547
608926
11537003
8988976
5604057
13815024
3476113
19913776
4598739
9982497
6364926
17147514
12013448
4356913
17388030
19971448
12673392
11096604
12993207
10048688
17179627
13510939
8663919
12495791
3923722
11841744
14880635
