   212850028
   451231347
   189695537
   239757231
   171096576
   475896798
     8365964
   313580494
    85560229
   206005527
   370979491
    31599583
   483104746
    87802908
    85400712
   286186432
   324346867
   312833601
   144939384
   209636014
   157517953
   398560129
   160269431
    40554126
   217423011
   460300462
   505714497
   355853870
   454447419
     1479121
   248237527
   285934807
   422987290
   142599230
   527610169
   164703721
   322581074
   326801149
   114052010
   475610484
   163561247
    81529000
   181280533
   208024736
   345534784
   404560117
   324063351
   285415239
   246616755
   350301447
   175653739
   508077885
   197589549
   506746369
     3988011
   277346995
   146442531
    13045487
   317802591
   110038752
   471207194
    31873269
   140038531
   162579892
   478617003
   267467573
   381191406
   153767070
   464351487
   362677494
   246149494
   515199506
   415899955
   202159072
   122749474
   190338589
   161231846
   359577156
   385991556
   303843975
   442630660
   209707801
   439571037
   453122789
    96887725
   506480912
   228108941
   279529816
    35242161
   490435095
   473833145
   408753529
   214169532
   369504424
   408852408
   217437058
    67243574
   260185386
   119433463
   468752526
   283908591
      759114
   461984017
    10038072
   437491005
   130397135
   168884174
   518472779
   502274117
   434559562
   264198622
   118184142
   309427009
   155171019
   172371215
   140296651
    93408855
      975654
    24043260
   129479372
   223043263
   376681198
   119102288
   270534327
    35986507
   211023956
   257416545
   117114001
   117849015
   491881972
   188023538
   103451587
   113405715
   340204631
    28757651
   420590054
    16467905
   238422124
    94710781
   500459557
   488362833
   253856188
   467987108
   373429220
   499390865
   244324449
   213978533
   479588084
   372344415
   450291295
   397122246
   349647057
   364080640
   309887954
   146629001
   502181748
   355375103
    25454355
   200273106
   331890206
    79793901
   202564033
   346061760
    13791022
   451711923
    41349084
   398697842
   137431270
   484173076
   202747645
   171546019
   113513093
   348177618
   134923519
   122752266
   134712582
   506387108
    73398223
   144987514
   294584406
   173957382
   464435477
   159291115
   365103429
   447291733
   470463180
   348785386
    39253504
   482402876
   136140159
   328198608
   451985411
   446686169
   200030817
   406436450
    58634203
   456775392
   300287113
   460409189
   184198463
   371390320
   185326058
   479738758
   514701464
    65355970
   526961680
    29541160
   330054917
    20469067
   202116829
   282181458
   151356503
   300935993
   326010507
   438321888
   239731222
    14555447
   253324246
   152953342
   157154552
   105054792
     9437861
   445386906
   307715309
    56253558
   393513054
    63939881
   120198956
   508551607
   396774614
   440961887
   443525221
   134743608
   137704852
   181565769
   208424554
   283101450
   143027058
   215403251
   467557132
    24637925
   158147835
   211659137
   300648459
   166870534
   441616810
   255271729
    48932256
   140875265
   492333427
   525292842
   178290942
   484296451
   129189636
   200340742
   403879773
   245793772
   483520052
   227039360
   303827318
   521011980
   189982644
   231662886
    96148771
   115598364
   181020077
   243936398
    24011888
   367155946
    33366007
   296016827
   169742840
   143998136
   268846220
    33574217
   517986386
   391687326
   432886602
    81590497
   378502965
   391892225
   452348290
   331747294
   512951210
   257369085
   282976364
    15776778
   326208692
    25538564
   318240218
   216169042
   485542183
   177237455
   166879292
   458994151
   394142832
    52949624
   182781992
   215681866
   528906603
   338010525
   446655616
   234676452
   424785842
    31923287
    72549869
   291962716
   499531542
   475075701
   209322692
   222563478
   460023817
   153952070
    57851348
   309600019
   417471254
    76370252
   434154489
   401629315
   220130033
   255075383
   184929978
   223766780
    12695766
   282292136
   385414402
   126713487
   373052186
   418732051
   409497782
    65263371
   198919962
   498350310
   411245792
   155466553
   528097885
   229837743
    20300710
   321223497
     8372813
   406262300
    70157630
   201093859
   116767158
   310201853
   110414499
   422527902
   401776937
   244456437
   153151996
   456457621
   241595519
   448292816
   230986168
   177701685
   510494672
   133612340
   191552006
   224342215
   266852899
   475287191
   302346558
   368024489
   519560934
    97908309
   304837651
    15926056
   109501003
    84699251
   293986975
   109516443
   113433441
    36128151
   103668181
   483999826
   419858866
   162451403
   226563296
   531246476
   427950104
   208021867
    97678273
   120651535
   395878744
   286423920
   356876782
   108356988
   251697438
   304135350
    52325380
   148725699
     9294114
   302732419
   476171273
    37682943
    33297175
   135992794
   164853744
   481379004
    71979898
   508796927
   230561303
    41943709
   420727389
   238193239
   226120023
   376821752
   101909030
    67763843
   133175609
   353221735
    73822528
   173288540
   441583212
     7430806
   495910726
   202052871
   312495105
   140323369
   222108030
   369203678
   404650095
    91980722
    69365880
    85357086
   157173113
   460416072
   149720731
   369593985
   450374625
   437536465
    26099551
    39160481
   231379568
   402558923
    81579763
   221333971
    55037730
   408623854
   344555714
   394550884
   293889985
    53623582
   393162822
   283912807
   278890268
   153813068
   508587911
   228779973
   265372208
   377137720
   138631925
   435599146
   472679841
      605433
    57498361
   146700597
   528272616
   193876183
   438515101
   459164290
   155377143
   536594056
     4702464
    34244510
   519525832
   366769361
   161896467
   389457853
   495844906
   348435988
   491648115
   287827624
   524348808
   125346013
   224711846
   312393277
   418918288
   107465275
   483747651
    69329830
   498572911
   410632372
   257558606
   298702274
     6489804
   206016464
   202757040
   391137536
   291953499
   363759285
   316627418
   151807483
    57888872
   160381006
   283881013
   485874225
   234778173
   510655783
   124738628
   279171143
   330999960
   101080024
   525732922
   270151549
    85930995
   289659047
   103380637
   133715031
   177267807
    81003597
   334246164
   113667684
   506710182
   333939627
   114716114
   254301655
   452432869
   236858496
    63899341
   494144716
   361992966
    88433746
   418771228
   380921680
    99224501
   417004827
   115529837
   136636605
   355870128
   515725557
   505775907
   433793835
   428071585
   529596035
   375749621
   356761366
    63279178
   370277193
    83426875
   175925212
   242245916
   220957027
   272443909
   454339144
   442862768
   305366842
   371502205
    75398585
   454904009
   376480921
   111427245
    35945229
   235804782
   453642493
   161605150
   182031501
   288528486
    17677570
   471742894
    97412029
   517953489
   390583458
   238914530
   429107541
   265960091
   177743602
    82459453
   395790156
   241006931
   188059671
   331964233
   505465076
    74025566
   407309496
    24053499
   314948127
   353001379
     5316941
   519047654
   180531646
   453436774
   328447021
     6631371
   457574358
   274449052
   125875017
   359941742
   430643582
    32359345
   408257443
   332090954
   496082171
   194226672
   109255505
   174804206
   298580744
   469448555
   509022278
    16303075
   217638040
   411680327
   355387239
   466279903
   426303373
   305503515
   315185521
   309004924
   307687833
   150708225
   402169188
   225126123
   430226586
      598094
    90340292
   288501003
   517882956
   495084409
    52682875
   426022349
   175071513
   452710249
    22882300
   203963518
    89508417
   215203957
    82080671
   175779853
   257806787
   346249621
    66457691
   342381986
   398809291
   477939227
   480560900
    50875121
   471915922
   212762673
     7114371
   415323511
   272180288
    63754913
    42505797
   297285893
    41226232
   417125460
    83083131
   220755625
    15402209
   439257276
   338534957
    83952215
   328154088
   298241618
   476668291
   259531097
   180955701
    62230944
    43255641
   256202358
    70329509
   358642207
   370126576
      998706
   150559143
   154063251
   419357061
   522663678
    79236871
   187233090
   250567811
   187505025
   480238878
   210363802
    92738319
   309418681
   497545293
   167862420
   267332890
   120482324
   232365634
   385463169
   302046701
   499031210
   490812938
   212649616
   269890495
   337072317
   226517704
   330470523
   381557313
   131063796
   470771348
   134473813
   198577471
   304020318
   116964740
   146027284
    10344475
   222844018
   339805946
   351197262
   144856594
   255383357
    32549340
   110457766
   146990154
   139510000
   452515882
   406766087
   126000189
   383764652
   295583366
   416325309
   372408344
   258585536
   450153688
    59376686
   431228725
   464490936
   431337275
   429265095
   277108476
   125641878
   471259367
   339012821
   534250430
   530621319
   150325940
   246651863
   246747770
   520588612
   285407547
   416904365
   378870098
   235055830
   231883615
    10943227
   102029023
   318306446
    70097449
    21493212
   318194391
   161087736
   460002935
   293175329
   187877635
   431354338
   178106079
   308498308
   356845114
    25977935
   329787893
   378229385
   428801062
   493418859
   483243455
    86166396
    40272247
   286329671
   385380374
   519852979
   247722963
   211577276
   398385682
   520858438
    40084983
     2130730
   316402524
   535371695
   314635020
   383594967
    41527229
   310188301
   367461691
   245914263
   235382408
   406471042
   144081478
   183417609
   209647943
   238041514
   219827263
   135213324
    60490670
   525069314
   440282740
   484439800
   248872548
   358028212
   127510759
   303891692
   512068123
   473726681
   498009181
   471477799
   193320695
    80495738
   128156923
    10772371
   316971145
   389544866
   309839184
   340358740
   377575825
   231590218
   168930216
   244337126
   214430251
   312396539
   218121951
   398939078
   521568152
   197479629
    17902701
   356753333
   309642193
   527301819
   259731126
   116894957
   440283178
   279441991
    16134715
   343780865
   199630812
   248993178
   276382509
   231750363
   339032038
   310385849
    82911397
   390108718
    32652728
   444547636
    66557317
   126545029
   318582820
   213600917
   215097528
   494772909
   354667447
   492779199
    95011409
     4930233
   327683360
   148788812
   359689266
   244567202
   117348273
    13790447
    36281049
    88531652
   142185958
   474634779
   313692803
   368355113
   403610120
   333145693
   278746118
   499789392
   462552721
   465862276
   480047580
   160176453
   298385677
   507025061
   390964299
    37229805
   167577371
   293262374
   271825552
   416211860
   351146454
    90579143
   328001692
   300829329
   132683452
   122200967
   426086752
    60588994
   331578013
   120791783
   272149720
    96330602
   149844242
   352605952
   345787950
   426267887
   455481100
    68739065
   503762432
   175129110
   419689876
   430526596
   351851192
    57058241
   370839066
   319407400
   498564038
   228134283
   483089107
   372756131
   531067618
   532768795
   220982136
    16175438
   506282733
   381491654
   407471112
   170738236
   354554280
   404849456
    93294131
   265378134
   391414948
   127841348
     2870875
   327106130
   245181080
    52437997
   330144611
    56082703
   111901823
   273116566
   468776771
   252401850
   138750484
   108857840
   290801030
   226688576
    52699519
   103798288
   510694211
   175510639
   140063001
   389920520
   294389727
   418614867
    67185152
    28124812
   375650241
    91964009
   261658976
   488752930
    42943539
    88330723
   288841069
   160782156
   297547166
   112851652
    14709887
   136362969
   306664426
   128853519
    63212787
   181518334
    79181288
   118389942
   339621086
   283997452
   437485595
   167583173
    22368374
     6325293
   416691330
   244591296
   354743433
   147044194
   343794860
   306437695
   410711927
   135074786
   400817983
   259125394
   467290614
   151763958
   168734044
   392498855
   295357918
   149949218
   345569819
   345719079
   127417314
    11031477
   438163856
   150373301
   212329203
   177114836
   474835493
   498598030
   424234407
   185312598
   153802837
   479716680
   480299103
   104434504
    76162858
   493718441
   237777459
   209122044
   266930466
   123385352
   531784733
   404027787
   190045927
    72032376
   504627402
   521238942
    81311632
   123840279
   365497787
    33000197
    37580178
   279175264
   174234972
   231399048
    99316856
   140895780
   255938988
   270188024
   443822076
    44619123
   423764383
   205859349
     5986997
   492324311
   441552576
   509344686
    52556177
   337438001
   202046530
   239787339
   444875689
    31245591
   397258882
   479632429
    61294945
   201678222
   405507658
   362618088
   372663393
   400976925
   365835240
    23547086
   274341187
   415297326
   122616170
    36592890
    27348434
     4338385
   506189451
   477167037
   177941558
   100121199
    99087953
   119909211
   429838114
     6723004
    11083798
   201574911
   205390189
   132009816
   246238779
   508496402
   432861924
    73839655
   525002724
   500017541
   174499055
   307116746
   234682663
   199551732
   495851461
   292472151
   122254860
   386253430
    86517217
   138288270
   159593863
   501679993
   145669876
   196633564
    74114509
   105517024
   525816208
   522950999
   250273944
   209396278
   253231912
   174901862
   276869259
   405796816
   489481803
   437358903
   130304975
   471562039
    10370662
   343106592
   180956335
   256900660
   142233117
     9210853
   288865528
   513777070
   413322413
   179493320
    31351903
   425500960
   375151019
   282582513
   461438398
   225684505
   417893227
   382914912
   247698204
    77395822
    75445486
   508936470
   530125760
   362421996
   195162553
   286576296
   143294956
   334164264
   456037637
   442264549
   148601719
   224182961
   174608340
   341979771
   368174020
   454941963
   362139272
   168467586
    81531201
   198749825
   376657544
    87415661
   356920962
   177280350
    45783860
   166577096
    84610143
   467258117
   168830385
   110062793
   448130446
   507464079
   535177239
   390863159
   472652394
    96602326
   335484085
   396800139
    36899321
    62044306
   408395708
   116181906
    84807097
   260074550
    50833483
   496840397
    65146508
   433209037
   507717454
   440434973
   139992320
   367295479
   179938928
   234111853
    16837607
   240911450
   373882658
    97822764
    78271593
   132249905
   435871460
   152434564
   454438976
   245723305
   280471147
   386099857
   246813005
   312562232
   413704918
   398911411
   404896974
    67185231
   185892427
   450561497
   375133460
   344005897
   188500360
   182413428
   477326722
   133366933
   277744612
   356405135
   440746372
   359966052
   302646078
   305272606
   497467577
    19027976
   153300430
   491320566
   349394758
   208929190
   492388058
   504254691
    38143196
   264426738
   494037587
   319398197
   330230145
    66703003
     4050556
   106206422
   106747911
   385106482
   139249537
   447491739
   379572732
   450027896
   163645065
    43720321
   390455397
   140588933
   525277757
   439768911
    46488815
   181156353
   378688554
   409543016
   131679609
     2961234
   149783654
    16838804
   212558076
   202587699
    85865630
   118929392
    34454575
   420098777
     8638724
    52431216
   371306586
   442816513
   445839438
    73907204
   335906708
   186015371
   270956311
   250888787
   472048735
   275737660
   419608265
   293604227
    73960236
    65623040
   202846200
   405237234
   360706990
   504625381
    91839122
   223819953
   483695301
   318908457
   484992784
    22994794
   208518031
   259705011
   143020436
   274330649
   286628964
    59627221
    58915212
   351635916
   192530552
   221752538
   207687508
   208637515
   381567766
   189165424
   493431781
   488139426
   164862115
   285364032
    24610249
    86092257
    44244632
   368278792
   129667140
    78063813
   457150673
   516857841
    81652660
   355235182
   413192826
    98280418
   346260202
   474177518
    91290874
   123322961
    62856241
    21345466
   100605406
    54513487
   420224919
   167835112
   519054521
   260542905
    60075301
   191932105
   531200454
   130041927
   125922143
   238111841
    52042287
   255149489
   278272533
   381509628
   325000532
   374589945
   427570601
    80484371
   321843092
   309140294
   443955987
   282689636
    98767823
    88143138
   290520597
    16755259
   231488879
    19893595
   456015112
    90224142
   404626499
    89276262
    87807673
   259732826
   479762827
   206448655
    71133876
   375604343
    34300043
   138729018
   119788076
   336408768
   323861943
   421293069
   476902042
   371251446
   472980422
   272267447
   483988031
   406327551
   464928278
    33737496
   315563350
   125683303
   256827587
   180269305
   431539268
   443003167
   261906624
   524815927
   324588110
   490803660
   366095855
    62362943
    80361214
     7969221
   202312434
   162374312
   505223707
   196187429
    59448705
   392323743
   227567550
   475158875
   415908776
   130189692
    64591807
    78656176
   100793460
   373568202
    99829702
   373452252
   318269545
   387563601
   422262437
    66436190
    45573280
   180283793
   147572932
   251956920
    65621888
    64486571
   225090040
   128090579
     8376779
   499304232
    46543989
    36179122
   180662502
    55904773
   450301975
   282453730
   101982429
   383571981
   511038437
    29440637
    61149410
   164970419
   459263678
   277626453
   165160722
    61494440
   480075970
   222446360
   519063754
   396823540
   268586523
   378085133
   364944671
   327248532
   114767970
   124165770
   153826411
   523828490
   408764051
   312248281
   506047819
    99067028
   217108895
   170089901
   367877535
   201619577
   348082822
   471397815
   458707908
   221641041
   477406409
   194423897
   402810622
   426859266
   379648517
   534302194
   457234918
   445848403
   503687763
   335062184
   221116985
   287238960
   438336984
   179911608
   472953305
   221511831
   492291584
   177721467
    91211592
   289804386
   113220661
    83414476
   279570291
   345699885
   381183632
   519273166
   336379000
   103899764
   105506171
   443557701
   300705195
   475374220
   407012788
   185484631
    67813252
   219091037
   510867682
   472050601
     5859072
   260178114
   352410388
   488303408
   439615827
    44634464
    73761916
    19865147
   534848157
   187346859
   359460477
    11397260
    69173769
   232237836
   421325995
   262752709
    42681833
   273867284
   450092291
    44415649
   237210443
    63621985
    35259575
    24889511
   202570444
   290592314
   309167701
   117736995
   427812728
   328085234
    60342111
   233248393
   125329178
   300408097
   418896555
   486338467
   276080247
   376758621
     2355064
   499767956
   173019518
   506984622
   283911910
   192722056
   526574442
   341838843
   218375034
   392074042
   427982174
   447156307
   192803374
   394723730
   142401278
   488475247
    61958446
   497370472
   269744415
   492316598
   532633212
    96018430
   452092675
   191001546
   504822862
   406291205
   175566585
    30621272
    57543276
   291195488
   250551984
   439205186
   505440902
   432855460
   265385565
   405086287
   236202734
    90725126
    86490425
   178747804
    11473772
   104733055
   512195533
   311491888
    22049107
   251537692
   186344070
   249075184
   146769424
   207455714
    37931282
   129209126
     4231767
    78722474
   211195182
    81771166
   154009331
    75655296
   261754039
    46175994
   204567353
   457543718
   124574409
   110048937
   439420350
   170787366
   207647198
   273309609
    98580834
   374835741
   130438313
   178813130
   457816257
   364403503
   193894399
   466364791
   415201215
   310779207
   164010420
   254880410
    51432051
   310052736
   413042707
   150414345
   417064295
   247044318
   414843667
   530989540
   200248598
   242755986
   404471172
   462063978
   472095134
   455646650
    73318193
   102321633
   125591957
   168034972
    34635448
   424094947
   352014185
   247843467
   172409437
   327947776
   165251178
     8338976
   249680168
   458647994
   238338154
   382218429
   465050299
   170336833
   320723580
   515389996
   403922741
   524618023
   530674178
      594236
   400073166
   321845417
   511082545
     1158795
   206854133
   326773744
   111490857
   519621398
   106588155
   182763081
   223934117
   420779318
   153006991
   400195576
   525562693
   418753312
   407249089
   231089371
    12882461
   211562618
   337255612
   420485890
   147508327
   148264841
   317250136
   350824046
   456842252
   139573517
   190557677
   196547809
   178910604
   142773549
   206702621
   309830691
   465436574
   230067166
   360954260
   477574387
   430008743
   310129837
   154626120
    60241959
    80503075
   511885184
    27462669
   182127197
   508357430
   272831575
   427545835
   307328981
   301519891
   497452113
    45653800
   377251730
    61355105
    92627116
    50224168
   140049456
   459713551
   432306786
    58806646
   149350393
   295307337
   471298704
    29274669
   449786945
   270055290
    42162873
   356161215
   441995367
   339284480
    28636083
    13404839
   527931581
   111841368
   530385927
   383883681
   340751853
   160792625
   244676582
   283035465
    84683796
   129204055
   521773905
    39838694
   178358118
   100327970
   182927159
   131594579
   313504551
    96084881
   397159548
   301917564
   177620970
   298151806
    21617932
   535117668
   499252948
   340270324
   212853061
   174305004
   391336526
   336459936
   493575573
   491587875
   295845947
   441782295
   449564321
    71031097
   329691331
   177715172
   535959969
   392864825
   305388245
   333980520
   382422165
   346892636
   319355520
   429085090
   333793051
   465315177
   272759035
   460803304
   331439413
   209783585
   376919198
    82988961
   231655462
    22005264
   371588372
    87275179
   437609897
   334302296
   361593882
   154017213
   299390889
   122020874
    56440216
   354045058
   379544245
   197252763
    17834648
   177086960
   204363207
    42280563
   520219157
    71828972
   260167463
   347185385
   165664055
   270522335
   234516057
   220573583
   459557020
    45661940
   469222231
   172464740
   102027165
   448555368
    22049103
   494987604
   407308745
   138431828
   349497079
    17912065
   231455955
    10416305
   527398538
    54198284
    93091612
   439665454
   352218292
   241403738
   435414939
   188124575
   113364119
   100877365
   493339352
   183061343
   195720070
   202089731
   288813062
   117953420
   420316563
    70316801
    57621044
    79738911
   364675809
   187100289
    31083974
    77098672
   240154914
   382290839
   221456701
   205994618
   270358526
   524345023
   188935643
   361271730
    97082957
   216301772
   289815127
   191517644
   443816254
   365034188
   244000993
   438651738
   347649076
    30311424
   317395034
   193874900
   271542890
   228588943
    56834111
   434566673
    23824293
   128525658
   451128108
    82345259
   357851873
   405346335
    87852464
    74916620
    19545241
   465347957
   153534263
   388865916
   353494327
   363542839
   344462754
   419503120
   279831357
   436994335
   126299173
   441151302
   429809548
   530620457
     9977552
   246969430
   415635261
   187313312
    44171936
   495764451
   393109059
    99820900
   410901710
   329813174
    65127127
   297112622
   212803816
     3115612
    22681652
   231683987
   469862544
   235451815
   355793991
   205987630
   219731516
   270248905
   533738782
   510140798
   295742112
     7854434
   389965746
   352965551
      436101
   168979930
   314326463
   452364000
    54460415
    44768403
   360058145
    26775968
   172985111
   307569347
   474909170
   287473747
   285517573
   239250963
   200814435
    69658210
   143648222
    90887272
   308049584
   535992717
   145296538
   178256225
   134625245
   308444900
    57106416
   374592204
   479635593
   222360334
   523422130
   180387129
   490735958
   518142795
   388692843
   304264387
   391903350
   111123207
   201130743
   357079531
   360709336
   526402177
    44017584
   278509632
   225903171
   108898475
   362422428
   286360939
   474719060
   207900821
   379149726
   370412559
   513590808
   122034569
    66361032
   263560824
   450089024
   510359536
   128150720
   346691720
   353015137
   337235182
   517309202
   197032465
   109439496
   151173760
   186496574
   287837711
    36266800
    28173177
    79813658
   155176828
   171499730
   363947310
   310612423
   336987047
   413461808
   163552859
   468051385
   500338983
   285743534
   116975436
    30951248
   532209379
    32306697
   142033218
    93311011
   403405510
   301360472
   387376453
   159217331
    26954277
   496928975
   351987183
   344002428
   246427257
   209412660
   379534628
   402639939
    14015271
   316411438
   492488489
   254236114
   219567705
   270892790
    74111290
    95293904
    32895331
   505532976
   300422403
     9757158
   473949494
   209905099
   314625493
   169273612
   503984977
   296603777
    82814074
    98090526
   258984031
    42696234
   218563451
   449943637
   470038242
   320376564
   297385904
    18814084
   521808760
    97408577
   363819822
    54391818
   440815764
   507879071
     9983974
   147439342
   507236301
   162313326
   494895772
   372221934
    31264933
   475647420
   364162764
   108626258
   340485192
   502595008
    62293682
   214001878
   361457985
   216881524
    87429354
   147325269
    18898995
   506973929
    33601377
   416536276
   343476486
   406348879
   155347621
   171630592
   139623433
   272196308
   529267280
   100977455
   452578238
    41943323
   222457926
    12590335
   381494206
   535406253
    66821221
   422765691
   193847473
    59889264
   230308904
   181143671
   117048412
   307576789
    90185914
   350878696
   383883695
   413462912
   217043802
    33102025
   416152043
   218729543
   331401480
     6051886
   322725746
    58574525
   310428410
   517059225
   464244245
   208546856
   288075201
   114634088
   443939349
   255565193
   384834022
   238317860
   362263694
   429790993
   380228183
   517510521
   422644480
    29226047
   471725875
   512410190
   366938665
   525508260
   484214201
    40710397
   448977633
   404203877
   142735814
    30579875
   104824343
    91917033
   443625238
   492019121
   181848514
   219062590
    82426554
   155385277
   222352461
   471830380
   184604513
   305686147
     8726808
   304984939
   459585534
   404487832
   296528842
   407145712
   374909199
   355733853
   238855729
   376933629
   166646501
   351948154
   154621765
   409893044
   445692958
   406200273
   109412319
   290485847
    72518897
   466518321
   328541653
   311596287
   180241250
    88007264
   122531614
   213738121
   514098817
   509644609
   392127557
   304870264
   141982685
    43285662
   202733219
   396264315
   211897764
   504332855
   122959068
   188917233
   398434793
   510094610
    50031933
   521380603
   169780328
   390449955
    77894956
   506905619
   192223690
    27444793
   156192154
   230716839
   497668651
   367157315
   506190186
   405383623
   193724522
   216805247
   167436906
   405744289
   408156399
   429847373
   345231670
    82278349
   520983387
   119562367
   448276067
   253205069
   479573247
   306411245
   277920315
   154880939
   285509711
   165661597
    78907112
   181997299
   303789707
   222245001
   445153749
   396385797
   436373427
   520626566
    31771867
   117255933
   489920278
   285713812
    35677118
    88750004
   256593224
   155107762
    33798954
   287447061
   377464474
   375756643
     5512452
   310786944
   354047411
   435699092
    12638105
    70388144
   443675184
   346050261
   400698979
   528546124
   316713749
    11635225
   443565357
   123124450
   403227273
   188709441
   234895090
    92356938
   247451826
   156670641
   488142811
   262066072
   186671219
   451140512
   141731219
    78862023
    15677554
   186331939
   292574582
   332626724
   144521411
   377428095
   239809929
   128362404
     2189322
   357676933
    33863440
   461678862
   295133402
   519748857
   364463282
   128451643
   493232510
   353668298
   509897148
   349826698
   110670191
   354874184
   327111560
     2803303
     7261444
   484317315
   484052925
   138310408
   216444444
   412151319
   130609012
   461050849
   344075874
   108250587
   249749673
   361111831
    96051857
    94995116
   138692465
   402364880
   450175412
   399515266
   456774742
    62023171
   438958499
   309064640
   143307348
   322486455
     6622952
    83920444
   469130000
   319065589
   377835964
   108885963
      742449
   254011477
    64596902
   456288316
   400934473
   278156806
   480527223
   444948514
   131280568
    97563870
   190533476
   343186446
   334417623
    52990128
   381839185
   172394406
    45476151
   420920074
    45277895
   133742017
   200695957
   177759276
   188848961
   365550072
   394422840
   495051070
   393268469
   535370902
    40168809
   360927140
   497675243
   263366300
   387365685
   184780801
   188757526
   338649734
    34835415
    79046056
   169830226
   161256961
   391000679
    31383803
   468948137
    13632880
   135275111
   270221565
   510582078
   321637404
   401433385
   257077099
   222309496
   113708592
   290445537
   110910855
   515585905
   356473280
   265743425
   327853756
   293949394
   530205664
   470750447
   283379252
    62665954
   410923901
   117206701
   426417638
    90508472
   102577814
   222708742
   376778124
   359141873
   490669909
    78050177
   416151075
   224078549
   304785388
   407019564
    85388789
   248080204
   311632088
   433715328
   484268050
    82314918
    23135040
    18505932
    68865615
   380251225
   319067943
   213676485
    35987182
   340542566
    70552696
   442188305
   260823609
   212174164
   392174842
    68868001
   320769002
   205185390
    83142042
   318445374
   316452231
   320423572
   178952031
   155042071
   367413741
   374249486
   497539872
   188293979
   523419272
   475574069
   371900406
   175642972
    48374246
   494412658
   300629927
   365423291
   116735032
   342453133
   423047634
   435697760
   438330336
   184706269
    55121158
   104760721
   516787311
   142356965
   239135947
   311375666
    71519871
   322027796
   415450787
   377004938
    63964893
   171589918
   492483691
   390698240
   466769997
   267129824
   362141635
    37013284
   252355191
   518584316
   205886388
   182232260
    81013545
   272513463
   528310413
   451383408
   272659916
   290245066
   483559512
    18073573
   446360917
   284994641
   437659451
    90429277
    69189229
   421311547
   473036229
   244376999
   381009696
    86265858
    53464433
   262030025
   499711581
   465549553
   143702773
   442190938
   134288832
   201897405
    54130786
   377238051
   134574804
   267734838
   103509696
   283128129
   500734725
   264579259
   221657101
   172277971
   403886879
   150092295
    29882318
   288365343
   292862569
   130917136
   316886840
    66281615
   175315654
   493026375
   340631569
    57444428
   377873070
    31785708
   471740623
   240338575
   162926991
    61681575
    33297616
