   212850028
   451231347
   189695537
   239757231
   171096576
   475896798
     8365964
   313580494
    85560229
   206005527
   370979491
    31599583
   483104746
    87802908
    85400712
   286186432
   324346867
   312833601
   144939384
   209636014
   157517953
   398560129
   160269431
    40554126
   217423011
   460300462
   505714497
   355853870
   454447419
     1479121
   248237527
   285934807
   422987290
   142599230
   527610169
   164703721
   322581074
   326801149
   114052010
   475610484
   163561247
    81529000
   181280533
   208024736
   345534784
   404560117
   324063351
   285415239
   246616755
   350301447
   175653739
   508077885
   197589549
   506746369
     3988011
   277346995
   146442531
    13045487
   317802591
   110038752
   471207194
    31873269
   140038531
   162579892
   478617003
   267467573
   381191406
   153767070
   464351487
   362677494
   246149494
   515199506
   415899955
   202159072
   122749474
   190338589
   161231846
   359577156
   385991556
   303843975
   442630660
   209707801
   439571037
   453122789
    96887725
   506480912
   228108941
   279529816
    35242161
   490435095
   473833145
   408753529
   214169532
   369504424
   408852408
   217437058
    67243574
   260185386
   119433463
   468752526
   283908591
      759114
   461984017
    10038072
   437491005
   130397135
   168884174
   518472779
   502274117
   434559562
   264198622
   118184142
   309427009
   155171019
   172371215
   140296651
    93408855
      975654
    24043260
   129479372
   223043263
   376681198
   119102288
   270534327
    35986507
   211023956
   257416545
   117114001
   117849015
   491881972
   188023538
   103451587
   113405715
   340204631
    28757651
   420590054
    16467905
   238422124
    94710781
   500459557
   488362833
   253856188
   467987108
   373429220
   499390865
   244324449
   213978533
   479588084
   372344415
   450291295
   397122246
   349647057
   364080640
   309887954
   146629001
   502181748
   355375103
    25454355
   200273106
   331890206
    79793901
   202564033
   346061760
    13791022
   451711923
    41349084
   398697842
   137431270
   484173076
   202747645
   171546019
   113513093
   348177618
   134923519
   122752266
   134712582
   506387108
    73398223
   144987514
   294584406
   173957382
   464435477
   159291115
   365103429
   447291733
   470463180
   348785386
    39253504
   482402876
   136140159
   328198608
   451985411
   446686169
   200030817
   406436450
    58634203
   456775392
   300287113
   460409189
   184198463
   371390320
   185326058
   479738758
   514701464
    65355970
   526961680
    29541160
   330054917
    20469067
   202116829
   282181458
   151356503
   300935993
   326010507
   438321888
   239731222
    14555447
   253324246
   152953342
   157154552
   105054792
     9437861
   445386906
   307715309
    56253558
   393513054
    63939881
   120198956
   508551607
   396774614
   440961887
   443525221
   134743608
   137704852
   181565769
   208424554
   283101450
   143027058
   215403251
   467557132
    24637925
   158147835
   211659137
   300648459
   166870534
   441616810
   255271729
    48932256
   140875265
   492333427
   525292842
   178290942
   484296451
   129189636
   200340742
   403879773
   245793772
   483520052
   227039360
   303827318
   521011980
   189982644
   231662886
    96148771
   115598364
   181020077
   243936398
    24011888
   367155946
    33366007
   296016827
   169742840
   143998136
   268846220
    33574217
   517986386
   391687326
   432886602
    81590497
   378502965
   391892225
   452348290
   331747294
   512951210
   257369085
   282976364
    15776778
   326208692
    25538564
   318240218
   216169042
   485542183
   177237455
   166879292
   458994151
   394142832
    52949624
   182781992
   215681866
   528906603
   338010525
   446655616
   234676452
   424785842
    31923287
    72549869
   291962716
   499531542
   475075701
   209322692
   222563478
   460023817
   153952070
    57851348
   309600019
   417471254
    76370252
   434154489
   401629315
   220130033
   255075383
   184929978
   223766780
    12695766
   282292136
   385414402
   126713487
   373052186
   418732051
   409497782
    65263371
   198919962
   498350310
   411245792
   155466553
   528097885
   229837743
    20300710
   321223497
     8372813
   406262300
    70157630
   201093859
   116767158
   310201853
   110414499
   422527902
   401776937
   244456437
   153151996
   456457621
   241595519
   448292816
   230986168
   177701685
   510494672
   133612340
   191552006
   224342215
   266852899
   475287191
   302346558
   368024489
   519560934
    97908309
   304837651
    15926056
   109501003
    84699251
   293986975
   109516443
   113433441
    36128151
   103668181
   483999826
   419858866
   162451403
   226563296
   531246476
   427950104
   208021867
    97678273
   120651535
   395878744
   286423920
   356876782
   108356988
   251697438
   304135350
    52325380
   148725699
     9294114
   302732419
   476171273
    37682943
    33297175
   135992794
   164853744
   481379004
    71979898
   508796927
   230561303
    41943709
   420727389
   238193239
   226120023
   376821752
   101909030
    67763843
   133175609
   353221735
    73822528
   173288540
   441583212
     7430806
   495910726
   202052871
   312495105
   140323369
   222108030
   369203678
   404650095
    91980722
    69365880
    85357086
   157173113
   460416072
   149720731
   369593985
   450374625
   437536465
    26099551
    39160481
   231379568
   402558923
    81579763
   221333971
    55037730
   408623854
   344555714
   394550884
   293889985
    53623582
   393162822
   283912807
   278890268
   153813068
   508587911
   228779973
   265372208
   377137720
   138631925
   435599146
   472679841
      605433
    57498361
   146700597
   528272616
   193876183
   438515101
   459164290
   155377143
   536594056
     4702464
    34244510
   519525832
   366769361
   161896467
   389457853
   495844906
   348435988
   491648115
   287827624
   524348808
   125346013
   224711846
   312393277
   418918288
   107465275
   483747651
    69329830
   498572911
   410632372
   257558606
   298702274
     6489804
   206016464
   202757040
   391137536
   291953499
   363759285
   316627418
   151807483
    57888872
   160381006
   283881013
   485874225
   234778173
   510655783
   124738628
   279171143
   330999960
   101080024
   525732922
   270151549
    85930995
   289659047
   103380637
   133715031
   177267807
    81003597
   334246164
   113667684
   506710182
   333939627
   114716114
   254301655
   452432869
   236858496
    63899341
   494144716
   361992966
    88433746
   418771228
   380921680
    99224501
   417004827
   115529837
   136636605
   355870128
   515725557
   505775907
   433793835
   428071585
   529596035
   375749621
   356761366
    63279178
   370277193
    83426875
   175925212
   242245916
   220957027
   272443909
   454339144
   442862768
   305366842
   371502205
    75398585
   454904009
   376480921
   111427245
    35945229
   235804782
   453642493
   161605150
   182031501
   288528486
    17677570
   471742894
    97412029
   517953489
   390583458
   238914530
   429107541
   265960091
   177743602
    82459453
   395790156
   241006931
   188059671
   331964233
   505465076
    74025566
   407309496
    24053499
   314948127
   353001379
     5316941
   519047654
   180531646
   453436774
   328447021
     6631371
   457574358
   274449052
   125875017
   359941742
   430643582
    32359345
   408257443
   332090954
   496082171
   194226672
   109255505
   174804206
   298580744
   469448555
   509022278
    16303075
   217638040
   411680327
   355387239
   466279903
   426303373
   305503515
   315185521
   309004924
   307687833
   150708225
   402169188
   225126123
   430226586
      598094
    90340292
   288501003
   517882956
   495084409
    52682875
   426022349
   175071513
   452710249
    22882300
   203963518
    89508417
   215203957
    82080671
   175779853
   257806787
   346249621
    66457691
   342381986
   398809291
   477939227
   480560900
    50875121
   471915922
   212762673
     7114371
   415323511
   272180288
    63754913
    42505797
   297285893
    41226232
   417125460
    83083131
   220755625
    15402209
   439257276
   338534957
    83952215
   328154088
   298241618
   476668291
   259531097
   180955701
    62230944
    43255641
   256202358
    70329509
   358642207
   370126576
      998706
   150559143
   154063251
   419357061
   522663678
    79236871
   187233090
   250567811
   187505025
   480238878
   210363802
    92738319
   309418681
   497545293
   167862420
   267332890
   120482324
   232365634
   385463169
   302046701
   499031210
   490812938
   212649616
   269890495
   337072317
   226517704
   330470523
   381557313
   131063796
   470771348
   134473813
   198577471
   304020318
   116964740
   146027284
    10344475
   222844018
   339805946
   351197262
   144856594
   255383357
    32549340
   110457766
   146990154
   139510000
   452515882
   406766087
   126000189
   383764652
   295583366
   416325309
   372408344
   258585536
   450153688
    59376686
   431228725
   464490936
   431337275
   429265095
   277108476
   125641878
   471259367
   339012821
   534250430
   530621319
   150325940
   246651863
   246747770
   520588612
   285407547
   416904365
   378870098
   235055830
   231883615
    10943227
   102029023
   318306446
    70097449
    21493212
   318194391
   161087736
   460002935
   293175329
   187877635
   431354338
   178106079
   308498308
   356845114
    25977935
   329787893
   378229385
   428801062
   493418859
   483243455
    86166396
    40272247
   286329671
   385380374
   519852979
   247722963
   211577276
   398385682
   520858438
    40084983
     2130730
   316402524
   535371695
   314635020
   383594967
    41527229
   310188301
   367461691
   245914263
   235382408
   406471042
   144081478
   183417609
   209647943
   238041514
   219827263
   135213324
    60490670
   525069314
   440282740
   484439800
   248872548
   358028212
   127510759
   303891692
   512068123
   473726681
   498009181
   471477799
   193320695
    80495738
   128156923
    10772371
   316971145
   389544866
   309839184
   340358740
   377575825
   231590218
   168930216
   244337126
   214430251
   312396539
   218121951
   398939078
   521568152
   197479629
    17902701
   356753333
   309642193
   527301819
   259731126
   116894957
   440283178
   279441991
    16134715
   343780865
   199630812
   248993178
   276382509
   231750363
   339032038
   310385849
    82911397
   390108718
    32652728
   444547636
    66557317
   126545029
   318582820
   213600917
   215097528
   494772909
   354667447
   492779199
    95011409
     4930233
   327683360
   148788812
   359689266
   244567202
   117348273
    13790447
    36281049
    88531652
   142185958
   474634779
   313692803
   368355113
   403610120
   333145693
   278746118
   499789392
   462552721
   465862276
   480047580
   160176453
   298385677
   507025061
   390964299
    37229805
   167577371
   293262374
   271825552
   416211860
   351146454
    90579143
   328001692
   300829329
   132683452
   122200967
   426086752
    60588994
   331578013
   120791783
   272149720
    96330602
   149844242
   352605952
   345787950
   426267887
   455481100
    68739065
   503762432
   175129110
   419689876
   430526596
   351851192
    57058241
   370839066
   319407400
   498564038
   228134283
   483089107
   372756131
   531067618
   532768795
   220982136
    16175438
   506282733
   381491654
   407471112
   170738236
   354554280
   404849456
    93294131
   265378134
   391414948
   127841348
     2870875
   327106130
   245181080
    52437997
   330144611
    56082703
   111901823
   273116566
   468776771
   252401850
   138750484
   108857840
   290801030
   226688576
    52699519
   103798288
   510694211
   175510639
   140063001
   389920520
   294389727
   418614867
    67185152
    28124812
   375650241
    91964009
   261658976
   488752930
    42943539
    88330723
   288841069
   160782156
   297547166
   112851652
    14709887
   136362969
   306664426
   128853519
    63212787
   181518334
    79181288
   118389942
   339621086
   283997452
   437485595
   167583173
    22368374
     6325293
   416691330
   244591296
   354743433
   147044194
   343794860
   306437695
   410711927
   135074786
   400817983
   259125394
   467290614
   151763958
   168734044
   392498855
   295357918
   149949218
   345569819
   345719079
   127417314
    11031477
   438163856
   150373301
   212329203
   177114836
   474835493
   498598030
   424234407
   185312598
   153802837
   479716680
   480299103
   104434504
    76162858
   493718441
   237777459
   209122044
   266930466
   123385352
   531784733
   404027787
   190045927
    72032376
   504627402
   521238942
    81311632
   123840279
   365497787
    33000197
    37580178
   279175264
   174234972
   231399048
    99316856
   140895780
   255938988
   270188024
   443822076
    44619123
   423764383
   205859349
     5986997
   492324311
   441552576
   509344686
    52556177
   337438001
   202046530
   239787339
   444875689
    31245591
   397258882
   479632429
    61294945
   201678222
   405507658
   362618088
   372663393
   400976925
   365835240
    23547086
   274341187
   415297326
   122616170
    36592890
    27348434
     4338385
   506189451
   477167037
   177941558
   100121199
    99087953
   119909211
   429838114
     6723004
    11083798
   201574911
   205390189
   132009816
   246238779
   508496402
   432861924
    73839655
   525002724
   500017541
   174499055
   307116746
   234682663
   199551732
   495851461
   292472151
   122254860
   386253430
    86517217
   138288270
   159593863
   501679993
   145669876
   196633564
    74114509
   105517024
   525816208
   522950999
   250273944
   209396278
   253231912
   174901862
   276869259
   405796816
   489481803
   437358903
   130304975
   471562039
    10370662
   343106592
   180956335
   256900660
   142233117
     9210853
   288865528
   513777070
   413322413
   179493320
    31351903
   425500960
   375151019
   282582513
   461438398
   225684505
   417893227
   382914912
   247698204
    77395822
    75445486
   508936470
   530125760
   362421996
   195162553
   286576296
   143294956
   334164264
   456037637
   442264549
   148601719
   224182961
   174608340
   341979771
   368174020
   454941963
   362139272
   168467586
    81531201
   198749825
   376657544
    87415661
   356920962
   177280350
    45783860
   166577096
    84610143
   467258117
   168830385
   110062793
   448130446
   507464079
   535177239
   390863159
   472652394
    96602326
   335484085
   396800139
    36899321
    62044306
   408395708
   116181906
    84807097
   260074550
    50833483
   496840397
    65146508
   433209037
   507717454
   440434973
   139992320
   367295479
   179938928
   234111853
    16837607
   240911450
   373882658
    97822764
    78271593
   132249905
   435871460
   152434564
   454438976
   245723305
   280471147
   386099857
   246813005
   312562232
   413704918
   398911411
   404896974
    67185231
   185892427
   450561497
   375133460
   344005897
   188500360
   182413428
   477326722
   133366933
   277744612
   356405135
   440746372
   359966052
   302646078
   305272606
   497467577
    19027976
   153300430
   491320566
   349394758
   208929190
   492388058
   504254691
    38143196
   264426738
   494037587
   319398197
   330230145
    66703003
     4050556
   106206422
   106747911
   385106482
   139249537
   447491739
   379572732
   450027896
   163645065
    43720321
   390455397
   140588933
   525277757
   439768911
    46488815
   181156353
   378688554
   409543016
   131679609
     2961234
   149783654
    16838804
   212558076
   202587699
    85865630
   118929392
    34454575
   420098777
     8638724
    52431216
   371306586
   442816513
   445839438
    73907204
   335906708
   186015371
   270956311
   250888787
   472048735
   275737660
   419608265
   293604227
    73960236
    65623040
   202846200
   405237234
   360706990
   504625381
    91839122
   223819953
   483695301
   318908457
   484992784
    22994794
   208518031
   259705011
   143020436
   274330649
   286628964
    59627221
    58915212
   351635916
   192530552
   221752538
   207687508
   208637515
   381567766
   189165424
   493431781
   488139426
   164862115
   285364032
    24610249
    86092257
    44244632
   368278792
   129667140
    78063813
   457150673
   516857841
    81652660
   355235182
   413192826
    98280418
   346260202
   474177518
    91290874
   123322961
    62856241
    21345466
   100605406
    54513487
   420224919
   167835112
   519054521
   260542905
    60075301
   191932105
   531200454
   130041927
   125922143
   238111841
    52042287
   255149489
   278272533
   381509628
   325000532
   374589945
   427570601
    80484371
   321843092
   309140294
   443955987
   282689636
    98767823
    88143138
   290520597
    16755259
   231488879
    19893595
   456015112
    90224142
   404626499
    89276262
    87807673
   259732826
   479762827
   206448655
    71133876
   375604343
    34300043
   138729018
   119788076
   336408768
   323861943
   421293069
   476902042
   371251446
   472980422
   272267447
   483988031
   406327551
   464928278
    33737496
   315563350
   125683303
   256827587
   180269305
   431539268
   443003167
   261906624
   524815927
   324588110
   490803660
   366095855
    62362943
    80361214
     7969221
   202312434
   162374312
   505223707
   196187429
    59448705
   392323743
   227567550
   475158875
   415908776
   130189692
    64591807
    78656176
   100793460
   373568202
    99829702
   373452252
   318269545
   387563601
   422262437
    66436190
    45573280
   180283793
   147572932
   251956920
    65621888
    64486571
   225090040
   128090579
     8376779
   499304232
    46543989
    36179122
   180662502
    55904773
   450301975
   282453730
   101982429
   383571981
   511038437
    29440637
    61149410
   164970419
   459263678
   277626453
   165160722
    61494440
   480075970
   222446360
   519063754
   396823540
   268586523
   378085133
   364944671
   327248532
   114767970
   124165770
   153826411
   523828490
   408764051
   312248281
   506047819
    99067028
   217108895
   170089901
   367877535
   201619577
   348082822
   471397815
   458707908
   221641041
   477406409
   194423897
   402810622
   426859266
   379648517
   534302194
   457234918
   445848403
   503687763
   335062184
   221116985
   287238960
   438336984
   179911608
   472953305
   221511831
   492291584
   177721467
    91211592
   289804386
   113220661
    83414476
   279570291
   345699885
   381183632
   519273166
   336379000
   103899764
   105506171
   443557701
   300705195
   475374220
   407012788
   185484631
    67813252
   219091037
   510867682
   472050601
     5859072
   260178114
   352410388
   488303408
   439615827
    44634464
    73761916
    19865147
   534848157
   187346859
   359460477
    11397260
    69173769
   232237836
   421325995
   262752709
    42681833
   273867284
   450092291
    44415649
   237210443
    63621985
    35259575
    24889511
   202570444
   290592314
   309167701
   117736995
   427812728
   328085234
    60342111
   233248393
   125329178
   300408097
   418896555
   486338467
   276080247
   376758621
     2355064
   499767956
   173019518
   506984622
   283911910
   192722056
   526574442
   341838843
   218375034
   392074042
   427982174
   447156307
   192803374
   394723730
   142401278
   488475247
    61958446
   497370472
   269744415
   492316598
   532633212
    96018430
   452092675
   191001546
   504822862
   406291205
   175566585
    30621272
    57543276
   291195488
   250551984
   439205186
   505440902
   432855460
   265385565
   405086287
   236202734
    90725126
    86490425
   178747804
    11473772
   104733055
   512195533
   311491888
    22049107
   251537692
   186344070
   249075184
   146769424
   207455714
    37931282
   129209126
     4231767
    78722474
   211195182
    81771166
   154009331
    75655296
   261754039
    46175994
   204567353
   457543718
   124574409
   110048937
   439420350
   170787366
   207647198
   273309609
    98580834
   374835741
   130438313
   178813130
   457816257
   364403503
   193894399
   466364791
   415201215
   310779207
   164010420
   254880410
    51432051
   310052736
   413042707
   150414345
   417064295
   247044318
   414843667
   530989540
   200248598
   242755986
   404471172
   462063978
   472095134
   455646650
    73318193
   102321633
   125591957
   168034972
    34635448
   424094947
   352014185
   247843467
   172409437
   327947776
   165251178
     8338976
   249680168
   458647994
   238338154
   382218429
   465050299
   170336833
   320723580
   515389996
   403922741
   524618023
   530674178
      594236
   400073166
   321845417
   511082545
     1158795
   206854133
   326773744
   111490857
   519621398
   106588155
   182763081
   223934117
   420779318
   153006991
   400195576
   525562693
   418753312
   407249089
   231089371
    12882461
   211562618
   337255612
   420485890
   147508327
   148264841
   317250136
   350824046
   456842252
   139573517
   190557677
   196547809
   178910604
   142773549
   206702621
   309830691
   465436574
   230067166
   360954260
   477574387
   430008743
   310129837
   154626120
    60241959
    80503075
   511885184
    27462669
   182127197
   508357430
   272831575
   427545835
   307328981
   301519891
   497452113
    45653800
   377251730
    61355105
    92627116
    50224168
   140049456
   459713551
   432306786
    58806646
   149350393
   295307337
   471298704
    29274669
   449786945
   270055290
    42162873
   356161215
   441995367
   339284480
    28636083
    13404839
   527931581
   111841368
   530385927
   383883681
   340751853
   160792625
   244676582
   283035465
    84683796
   129204055
   521773905
    39838694
   178358118
   100327970
   182927159
   131594579
   313504551
    96084881
   397159548
   301917564
   177620970
   298151806
    21617932
   535117668
   499252948
   340270324
   212853061
   174305004
   391336526
   336459936
   493575573
   491587875
   295845947
   441782295
   449564321
    71031097
   329691331
   177715172
   535959969
   392864825
   305388245
   333980520
   382422165
   346892636
   319355520
   429085090
   333793051
   465315177
   272759035
   460803304
   331439413
   209783585
   376919198
    82988961
   231655462
    22005264
   371588372
    87275179
   437609897
   334302296
   361593882
   154017213
   299390889
   122020874
    56440216
   354045058
   379544245
   197252763
    17834648
   177086960
   204363207
    42280563
   520219157
    71828972
   260167463
   347185385
   165664055
   270522335
   234516057
   220573583
   459557020
    45661940
   469222231
   172464740
   102027165
   448555368
    22049103
   494987604
   407308745
   138431828
   349497079
    17912065
   231455955
    10416305
   527398538
    54198284
    93091612
   439665454
   352218292
   241403738
   435414939
   188124575
   113364119
   100877365
   493339352
   183061343
   195720070
   202089731
   288813062
   117953420
   420316563
    70316801
    57621044
    79738911
   364675809
   187100289
    31083974
    77098672
   240154914
   382290839
   221456701
   205994618
   270358526
   524345023
   188935643
   361271730
    97082957
   216301772
   289815127
   191517644
   443816254
   365034188
   244000993
   438651738
   347649076
    30311424
   317395034
   193874900
   271542890
   228588943
    56834111
   434566673
    23824293
   128525658
   451128108
    82345259
   357851873
   405346335
    87852464
    74916620
    19545241
   465347957
   153534263
   388865916
   353494327
   363542839
   344462754
   419503120
   279831357
   436994335
   126299173
   441151302
   429809548
   530620457
     9977552
   246969430
   415635261
   187313312
    44171936
   495764451
   393109059
    99820900
   410901710
   329813174
    65127127
   297112622
   212803816
     3115612
    22681652
   231683987
   469862544
   235451815
   355793991
   205987630
   219731516
   270248905
   533738782
   510140798
   295742112
     7854434
   389965746
   352965551
      436101
   168979930
   314326463
   452364000
    54460415
    44768403
   360058145
    26775968
   172985111
   307569347
   474909170
   287473747
   285517573
   239250963
   200814435
    69658210
   143648222
    90887272
   308049584
   535992717
   145296538
   178256225
   134625245
   308444900
    57106416
   374592204
   479635593
   222360334
   523422130
   180387129
   490735958
   518142795
   388692843
   304264387
   391903350
   111123207
   201130743
   357079531
   360709336
   526402177
    44017584
   278509632
   225903171
   108898475
   362422428
   286360939
   474719060
   207900821
   379149726
   370412559
   513590808
   122034569
    66361032
   263560824
   450089024
   510359536
   128150720
   346691720
   353015137
   337235182
   517309202
   197032465
   109439496
   151173760
   186496574
   287837711
    36266800
    28173177
    79813658
   155176828
   171499730
   363947310
   310612423
   336987047
   413461808
   163552859
   468051385
   500338983
   285743534
   116975436
    30951248
   532209379
    32306697
   142033218
    93311011
   403405510
   301360472
   387376453
   159217331
    26954277
   496928975
   351987183
   344002428
   246427257
   209412660
   379534628
   402639939
    14015271
   316411438
   492488489
   254236114
   219567705
   270892790
    74111290
    95293904
    32895331
   505532976
   300422403
     9757158
   473949494
   209905099
   314625493
   169273612
   503984977
   296603777
    82814074
    98090526
   258984031
    42696234
   218563451
   449943637
   470038242
   320376564
   297385904
    18814084
   521808760
    97408577
   363819822
    54391818
   440815764
   507879071
     9983974
   147439342
   507236301
   162313326
   494895772
   372221934
    31264933
   475647420
   364162764
   108626258
   340485192
   502595008
    62293682
   214001878
   361457985
   216881524
    87429354
   147325269
    18898995
   506973929
    33601377
   416536276
   343476486
   406348879
   155347621
   171630592
   139623433
   272196308
   529267280
   100977455
   452578238
    41943323
   222457926
    12590335
   381494206
   535406253
    66821221
   422765691
   193847473
    59889264
   230308904
   181143671
   117048412
   307576789
    90185914
   350878696
   383883695
   413462912
   217043802
    33102025
   416152043
   218729543
   331401480
     6051886
   322725746
    58574525
   310428410
   517059225
   464244245
   208546856
   288075201
   114634088
   443939349
   255565193
   384834022
   238317860
   362263694
   429790993
   380228183
   517510521
   422644480
    29226047
   471725875
   512410190
   366938665
   525508260
   484214201
    40710397
   448977633
   404203877
   142735814
    30579875
   104824343
    91917033
   443625238
   492019121
   181848514
   219062590
    82426554
   155385277
   222352461
   471830380
   184604513
   305686147
     8726808
   304984939
   459585534
   404487832
   296528842
   407145712
   374909199
   355733853
   238855729
   376933629
   166646501
   351948154
   154621765
   409893044
   445692958
   406200273
   109412319
   290485847
    72518897
   466518321
   328541653
   311596287
   180241250
    88007264
   122531614
   213738121
   514098817
   509644609
   392127557
   304870264
   141982685
    43285662
   202733219
   396264315
   211897764
   504332855
   122959068
   188917233
   398434793
   510094610
    50031933
   521380603
   169780328
   390449955
    77894956
   506905619
   192223690
    27444793
   156192154
   230716839
   497668651
   367157315
   506190186
   405383623
   193724522
   216805247
   167436906
   405744289
   408156399
   429847373
   345231670
    82278349
   520983387
   119562367
   448276067
   253205069
   479573247
   306411245
   277920315
   154880939
   285509711
   165661597
    78907112
   181997299
   303789707
   222245001
   445153749
   396385797
   436373427
   520626566
    31771867
   117255933
   489920278
   285713812
    35677118
    88750004
   256593224
   155107762
    33798954
   287447061
   377464474
   375756643
     5512452
   310786944
   354047411
   435699092
    12638105
    70388144
   443675184
   346050261
   400698979
   528546124
   316713749
    11635225
   443565357
   123124450
   403227273
   188709441
   234895090
    92356938
   247451826
   156670641
   488142811
   262066072
   186671219
   451140512
   141731219
    78862023
    15677554
   186331939
   292574582
   332626724
   144521411
   377428095
   239809929
   128362404
     2189322
   357676933
    33863440
   461678862
   295133402
   519748857
   364463282
   128451643
   493232510
   353668298
   509897148
   349826698
   110670191
   354874184
   327111560
     2803303
     7261444
   484317315
   484052925
   138310408
   216444444
   412151319
   130609012
   461050849
   344075874
   108250587
   249749673
   361111831
    96051857
    94995116
   138692465
   402364880
   450175412
   399515266
   456774742
    62023171
   438958499
   309064640
   143307348
   322486455
     6622952
    83920444
   469130000
   319065589
   377835964
   108885963
      742449
   254011477
    64596902
   456288316
   400934473
   278156806
   480527223
   444948514
   131280568
    97563870
   190533476
   343186446
   334417623
    52990128
   381839185
   172394406
    45476151
   420920074
    45277895
   133742017
   200695957
   177759276
   188848961
   365550072
   394422840
   495051070
   393268469
   535370902
    40168809
   360927140
   497675243
   263366300
   387365685
   184780801
   188757526
   338649734
    34835415
    79046056
   169830226
   161256961
   391000679
    31383803
   468948137
    13632880
   135275111
   270221565
   510582078
   321637404
   401433385
   257077099
   222309496
   113708592
   290445537
   110910855
   515585905
   356473280
   265743425
   327853756
   293949394
   530205664
   470750447
   283379252
    62665954
   410923901
   117206701
   426417638
    90508472
   102577814
   222708742
   376778124
   359141873
   490669909
    78050177
   416151075
   224078549
   304785388
   407019564
    85388789
   248080204
   311632088
   433715328
   484268050
    82314918
    23135040
    18505932
    68865615
   380251225
   319067943
   213676485
    35987182
   340542566
    70552696
   442188305
   260823609
   212174164
   392174842
    68868001
   320769002
   205185390
    83142042
   318445374
   316452231
   320423572
   178952031
   155042071
   367413741
   374249486
   497539872
   188293979
   523419272
   475574069
   371900406
   175642972
    48374246
   494412658
   300629927
   365423291
   116735032
   342453133
   423047634
   435697760
   438330336
   184706269
    55121158
   104760721
   516787311
   142356965
   239135947
   311375666
    71519871
   322027796
   415450787
   377004938
    63964893
   171589918
   492483691
   390698240
   466769997
   267129824
   362141635
    37013284
   252355191
   518584316
   205886388
   182232260
    81013545
   272513463
   528310413
   451383408
   272659916
   290245066
   483559512
    18073573
   446360917
   284994641
   437659451
    90429277
    69189229
   421311547
   473036229
   244376999
   381009696
    86265858
    53464433
   262030025
   499711581
   465549553
   143702773
   442190938
   134288832
   201897405
    54130786
   377238051
   134574804
   267734838
   103509696
   283128129
   500734725
   264579259
   221657101
   172277971
   403886879
   150092295
    29882318
   288365343
   292862569
   130917136
   316886840
    66281615
   175315654
   493026375
   340631569
    57444428
   377873070
    31785708
   471740623
   240338575
   162926991
    61681575
    33297616
   444654450
   338173064
   522566471
   465368818
    57860192
   263931520
   380685227
   126439903
   325732288
   407953101
    53628679
   141558819
   161906732
   192050702
    87231508
   272043554
   293142309
    31562743
   151687525
   226333612
   318353529
   396931149
   302228734
   163027174
    18830947
     9509088
   191588475
   359927633
   110509614
   452498090
    64361936
   360877356
   302561966
    98960617
   235262439
     3621658
   223365242
   494644871
   296737553
   318876274
   492609881
   394582529
   423803216
   102022617
   422490532
   509837494
   464858337
   180741448
   238566279
    18575680
    61917967
   450085247
   191825778
   438838613
   402994079
    12393397
     9591900
   188504893
   312567766
   368889463
   355217084
    25366373
   138355826
    36213927
    98882488
   478448001
   249708627
   417143263
   343357226
   435418664
   238122036
    64788208
   387870121
    57489285
    48789868
   521293452
    39409983
    35024107
   219967937
   370755662
   277404338
   422865745
   355132649
   464695218
    98470124
   513144113
   282682188
   353709495
   108378055
   424578435
   332430672
   460188932
   217047139
   135752698
   354390086
   270100591
   279842870
   215672196
   239090773
   457896328
    91030081
   250961223
   487087092
    81271058
   382175610
   110992127
    92784238
   468639086
   396084627
   255207813
   366723106
    23922864
   279604107
    34166085
   234226493
   312571357
   380470101
   497661440
     1464751
    88140665
   347855113
   116044982
   313457375
   327893017
   482413343
   245711243
   243421248
   265252891
   273120092
   458224633
   124133502
   200383409
   359711131
   391862864
   354708588
   337142848
   116115751
   240054200
   349460331
   528284597
   346288447
   341212654
    10905900
     4991169
   317996557
     5487193
   300353317
   417181040
   520271249
   304371242
    47179773
   319532743
   448054574
    11152641
   101534331
   476785592
   504605528
   281546373
   159863841
   308045887
   102858427
    66883645
     7384220
   178424649
   464691845
   521265568
   331073036
    70786418
   335948769
   478781195
    72261043
    11532262
   255305448
   411186044
   176246587
    90779358
   526951495
   450641276
    68149188
   108510193
    38635710
   115759794
   210817725
   153840579
   331960925
   349632146
    52635920
   467332845
   471806509
   140868100
   390384290
   181513582
   438116848
    15579017
   436749291
   440146715
   388700200
    54239693
   169090271
   175671975
   277097938
   477091197
     6354626
    59770972
   146001426
    32071641
   141836099
   244735129
    65550729
   365746650
   239385218
   495910673
   275596256
   220602467
   435424233
   369153915
    81160225
   247855587
   410839763
   501405906
    61722309
   476810861
   424175232
   147354984
   269441715
   512154854
    45497701
   326487898
   286400257
    41432729
   149680072
   168945643
   527496260
   145210953
   521992491
    21931096
   271296298
   279942841
   517675904
   299757803
   285543540
    69407225
   339825517
   145631905
   343435243
   180756877
   148764557
   192396858
   136855049
   206648916
   143180624
   174756151
   193700401
   196020923
   263755118
   470422122
   535049156
   235155060
   500826501
   315394261
   200703696
   222985563
   428068104
   212048206
   364945428
   333823649
   412663024
   259698844
    86512291
   500842572
   441921246
   465200306
    24510352
   524432486
    40774673
   474440496
   405002508
   281750527
   106274562
   336014978
   404070875
   494013794
   331607535
    33377747
    93721530
    65636743
   286638337
   290994935
     6433120
   102546258
   238974371
   294572279
   259328320
   111070588
   340236046
   398749660
    37453287
    60213486
   384566097
   374655914
   184992653
   241093601
   442521899
   242135604
   472508318
   346402928
   138790063
   189834388
   197798112
   166898300
    33423683
   215075921
   138098780
   503023388
    42470027
   296622883
   141229355
   349688166
   463180837
   408237721
   344802885
    29673996
   340726600
   436802477
     9428608
    74526966
    85440718
   263384321
   201935375
   212501281
   231574113
   105088916
   486116389
   173074808
   494296200
   310282253
    16445255
   431175197
   240774211
   520084908
    51564396
   292084387
   388974265
   350617724
   492219308
   427067010
   511197306
   236724402
    28833683
   259528886
   272776104
    42742854
   195726479
   219156407
   267208117
   114419441
   379953071
     9678220
   221407551
   388331363
   400325395
    41787140
   164643790
   476553727
   312843591
   137418581
   519182836
   138844602
   268545372
   363663109
   402191666
    27743309
   372862636
    27204124
   464522849
    27150570
   331483205
   152179001
   193896661
    93770712
    19501709
    23607117
   123706477
   194605859
    65213436
   271840781
   367368324
   490092759
   487113976
   160726805
   314373304
   473606216
    62749380
   132384164
   121674157
   105930179
    90356400
   475633859
   376885598
   179621996
   461933482
   298078543
     7535875
   212975221
   401939248
   188880134
    68067876
   136406237
    76472921
   466716450
   281624639
   425868343
   200972649
   476309835
   250125065
   443717800
   528963147
   145347796
   151323551
   314944678
   288803635
    63200977
   233632758
    42567342
   158718663
   307439059
    10595524
   349151034
   102400916
   479150291
   151216037
   320902585
   345961196
   525017778
    67050621
   163489622
   268406240
    72358540
   228209143
   201501076
   423730868
   414381240
     7837548
   236667064
   153310590
   434315596
    38953071
   198109184
   485653337
     7418587
   114171549
   234798342
   229602905
   173848608
    64064695
   441563506
   396077056
   254554067
    80384511
   233721699
   331854784
   128788048
   463699057
   239276336
    38570956
    67568170
    71351659
   383685842
   171731366
   525289369
   503064191
    50476722
   506249074
   185810689
   271034890
    54252083
   371770443
   181940288
   202607334
   363820663
    17663315
   326239580
   399403523
   303762745
   292296726
    12973405
   515682021
   348907119
   289186601
   455495401
    77830214
   234914228
    43345528
    24388669
   398526606
   307192334
   325352663
   480439725
   409782752
   502224734
   176192734
   446947094
   141646084
   502083963
    57414922
   153512513
   271801861
    29309086
   344712391
    59641653
    12943662
   336035917
    74617569
   318700222
   328438412
   100378697
   334941554
    66958003
   340551290
    93967499
    69827203
   467203390
   142836291
   131711734
    60704437
   309911874
   286603944
   103475599
   452508099
    88197645
   420411830
   253248305
   351862873
   403075295
   144917804
   111024996
   478148325
    76668796
   317564962
   300306565
   534309292
   329687107
    65380188
   243570991
   321924625
   393718180
   138454294
   104150919
   371309793
   203229461
   152305931
    22460180
    98635244
   191238938
   489474210
   337727500
   491511524
   473043221
   490334127
   163937997
   124597656
   405829254
   393151666
   241593085
   456317328
   203041425
    52518717
    52228153
   243835695
   354853831
   326096472
   136040696
   475432609
   439940006
   104236523
   125235689
   254575776
   269147644
   365122290
   305941538
   526276244
   234801753
    31809118
   155676692
   119256072
   105141575
   141222601
   533094255
    72736114
   287747568
   215665433
   261208748
    69934792
   314062096
   278260591
    76082391
   499242689
   371395922
   460997290
   232751377
   488724522
   230401211
   201772341
   418937437
   240461328
   101679174
   230773083
    64591736
    86548944
    10015179
   212417831
    78749718
   397711584
   218480419
   314190581
   338349905
   234255229
   187264133
   357527334
   160718268
    90257829
    20723491
   377926405
   387789067
   368323266
   269536572
   200487893
    44902050
   310899173
   266091229
   267715884
   321498408
    98285100
   187164630
   205538640
    73887527
   169749261
   302406839
   393665981
   477802763
    73642775
   498428398
     9773939
   114182326
   240797709
   218294410
   456992742
    69849969
   113133684
   487868819
   135238224
   518463285
   255823911
   170193635
    52484302
   415806238
    30791901
   175299311
   362949059
   159055020
   530352604
    91105170
   183131754
    59613114
   442162900
   224188019
   513281622
   132798384
   209925603
   227120261
    40962329
   138661298
   148785834
   382372667
   508832037
   250611140
   485110192
   339460061
    15950876
   434625701
   458971753
   393699914
   159456173
   125779933
   231626878
   468596021
   200410946
   312511984
   247241689
   306841592
    72295881
    53549659
   450081114
    92594182
   431880173
   193726860
   151968058
   178289548
   231036380
   134069037
   202203671
    20141338
   349430781
   262277139
   138255866
   509230029
   361965209
   440761013
   389772791
   227572248
   386232384
   347276961
    22827234
    75687828
   439866833
   276184321
    91627988
    28221158
   442102006
   106220191
   296171057
   193418195
   448576107
    14756631
   501570990
   428231145
   427274073
     5534216
    76525465
   216514643
   430428764
    10302102
   315392877
   529149824
   172952974
   420373173
   290374156
     6356521
   104058271
   295334363
   400078681
   448937561
    61390744
   265572074
   245461823
    93259818
   490915134
   106092379
   524931470
   508839841
   421553879
   407988929
   343533244
    18041334
   350818389
   181149641
   523547331
   367552916
   150785252
   296051347
   429441813
   156283107
   198516366
   216508357
   281439020
   299855155
   473879767
   515242584
   237630119
   383251666
    21100609
   155456762
   420963979
   114914897
   321437850
   218096255
    78122146
   497432266
   176775818
   238893532
   365294703
   227747511
   124163572
   536261983
   124891596
   509624972
   282266448
   333344857
   523714009
   312972295
   283722347
   281852940
    61083841
    29145183
   465952484
   367238886
   386277701
   290271097
   325948535
   490883056
   418760832
   207046447
   227076153
   204288879
   181338108
   145487785
   143671346
   468015423
    41258957
   237989460
   415815037
   240339783
   305128663
   418588613
   490226495
   418474444
   221747287
   521974591
    48208506
     5004002
   444348195
   467449890
   285800642
   482861770
   270882617
     9101674
   312679202
   409169497
   189476149
   466929398
   326425344
   197222808
   323650908
   483933247
   533235675
    33719599
   347096092
    92494341
   468880431
   249560743
   220390661
   364403611
   254888278
   354214443
   177544603
   285117688
   297607458
    95617807
   294904883
    84236820
    98496250
   256776044
   273924355
   175350585
    57738285
    58986766
     6649828
   510793086
   515073486
   302612710
    72928065
   362606544
   264157982
   212743391
   271927232
    77044317
   378186384
     8315220
   356288092
    65218989
   374656458
   214368486
   520595536
    14661938
   245568873
   270536049
   275411170
   445650737
   319419066
   319419332
   448880293
    64454593
   380748786
   402402969
   236332728
   352399422
    87614303
   138313722
   436049737
    41642955
   107492348
    91002177
   518336896
   105908876
   438764147
   135844509
    14374053
   219662327
   160973722
   400000028
   224190638
   510601488
   456602168
   266190808
   226847870
   492794665
    42732991
    26562071
   533417419
     4282957
   529653544
   215610955
    90216517
   325272691
   193896322
   155953861
   252387356
   146382560
   349423388
   520404579
   368213188
   203179667
   185271035
    89914554
   455662411
    43671211
   456950252
   518955410
   331172959
   138619359
   487500618
   172513111
   144275016
   116498254
   264125550
    31721922
   359852762
   523700205
   157595377
    87807652
   525926519
   402186874
   288862288
   334772133
   453711747
   398318369
   384238484
   489312790
    15798555
   445037379
   369742273
   223669509
   510637324
   393263065
   185250327
   390323890
   319665161
   298343870
    69355513
   123908449
   379223298
   162418121
   135589149
   515906024
   300987632
   159480345
   259782540
    88494807
   505895200
   133541226
    80581420
   340644388
    12185149
   211327045
   167708210
    84912444
   327595585
   261342251
    99402834
   247135726
   488914775
     4077773
   194072721
   534636905
   186837230
   194359515
   334016931
   481393459
   419324549
   528803082
   168876447
    41278989
   183767327
   234501266
   523299014
   514637253
    89037412
   533244214
   517554147
   460193693
    52797673
     2397571
    21780002
   412393963
   297323584
   466344876
   308126281
    14758164
   278447246
   412814551
   179777712
    61980619
   107359348
    33018471
   373816272
    90157040
   204933484
    52641115
   331762711
   334979953
   257265053
   163019759
   460817055
   446637680
   489705674
     5673375
   305969050
   250057346
   228844980
    74079294
   186582702
   405907047
   342331591
   315700743
    94972589
   513611717
   235141918
   401990054
   422356871
    89388476
    75061891
   438671676
    34105355
   416296632
   457486018
   327394629
   168575796
   514553036
   334471486
   516344038
   445767295
   535935199
   141365533
   444761528
   515739174
   462679343
   241038096
   237240609
   234605289
   331450501
   530409150
   378087467
   136282044
   308625983
   491338037
   456624854
   434893314
   386645309
    25996449
   507502327
    87677006
   132225854
   317099252
    97737918
    78809414
    25277051
   220289840
   100690723
   137788401
   331615782
   249826882
   301820985
   450109392
   116030515
   525156941
   509713611
   178488317
   321923518
     9913912
   414603427
   290471900
   271547472
    16465235
   493710366
   461337274
    25853522
    34871882
   344738967
   368675186
   386993181
   193342165
   281499587
   142134471
    17465802
   483900153
   509907414
   345832558
   177710473
   198746748
    26323998
   263335358
   505286084
   450542366
   435032210
   438131530
   412988074
   419183348
   107462605
   138699922
   192852099
   369457927
   355916769
   101719176
   269904418
   210240116
   474708161
    94338530
   413199204
    69884872
   468136066
   131137151
   134068168
   302325994
    82596533
    81020132
   418250889
   114345411
   346821742
   359248787
   270906350
   369698204
   389417863
   314003528
   402660599
   205811071
   241421173
    18003464
   190695381
   510460862
   110988828
   246871203
   232878713
   310636470
   178683138
   226133784
   230143175
    45099921
   103405854
   405093643
   236344628
   483532885
   340603661
    23647417
   368500831
   373215593
   364879442
   312432839
    84064371
   164972332
   178357198
    12215479
   377358733
   502985076
   448629833
    35883495
    16985406
   307720967
   484968690
   454778924
     5746522
   521070213
     8362283
   139393257
   525974940
   266558211
   503323444
   273486531
    37577644
   381233986
    31951546
   170175621
    14084057
   513851796
   484100661
   506217749
   231368086
   426269020
   177281881
   413582548
   116307641
   519824129
   210997824
   102090266
   374183966
   321306046
   350208937
   510879282
   129152799
   164296043
   503111544
   363721395
   519516325
   201107312
   161256674
   293498573
    99648441
   348985445
   477810775
    41482229
   291921353
   144231428
   241322048
   434718567
   175996044
   226887151
   151926078
   270043977
   434311359
    37090143
    27126000
    98706168
   478137582
   362906724
   276448553
   107797917
   198727027
     6105477
   494017965
   509325123
   139266357
   238168469
   343359756
   255692792
   392902014
   466337044
   508797078
    22469187
   121537610
   507930353
   334241608
   175656892
     5421465
   460084121
   381470501
   207578467
   245620554
   494362808
   187803882
    75107125
   240970166
   318384620
   249475053
   482681330
   281267977
    71078071
   191443589
   457191694
   425031538
   244185812
   230565404
   453153345
   279148757
   435657415
   116998081
    96941212
   474606853
   117155631
   280135944
   195719932
   269788572
   198421419
   155860076
   474177408
   124773547
   412082278
   113571148
   438132539
   391316506
   129713667
    15049807
   273261072
   339305207
     6632047
   519431738
     3203463
   507560079
    63975311
   220315066
   426054838
   208388695
   472869597
   452441744
   299429390
   421177938
    83389129
    59526479
   352251979
    55911843
   218435660
    57932311
   214792530
   356788619
   507224776
   491669870
   400938367
   260373078
   257266482
   259666188
   437053323
   244535098
   114576738
   298524268
   338291108
    62106851
   417598200
   238947364
   302320078
   307047987
   100634516
   298147059
   527096525
   382579516
   423975754
   148065877
   202608302
    46846260
   297763195
   492534613
   337457447
   492729333
   302589973
    18729715
   251094729
   495381602
   418036111
   255239120
   464781111
   165607790
    22862040
   196320062
   431241492
    85773546
   151816640
   273537190
   134508421
   498393135
   211803772
    66576836
   324088843
    25712866
   364977916
   430429792
   530587952
   167106281
   403215433
    71055611
   465857947
   180347606
   425780609
   344835479
    55310098
   357274720
    86038383
   524237316
   423900100
    76000233
   368457143
   229182620
   438310336
   329056307
   193570186
   350635512
   320823134
   371684529
   161529609
   210668982
   507965692
   342383273
   102573110
    26784792
   371592859
   494041771
   313643912
   390169163
   364383011
   100857221
    36572478
   371908288
   513013992
    39447954
    99937796
   406862709
   414454308
   104499903
   525072679
   500119587
   408263223
   118109986
   482312607
    95747329
    53442810
   337418147
   463191412
   403407095
   275346064
   408646286
     9151495
   158153312
   247509011
   317710477
    58389260
   372807432
   285649292
   455415955
   386424490
    54626505
   403668818
   196370266
    47063156
   513475878
   370821371
   483213542
   196312079
   312497360
   489321900
   415624666
   184595226
   313169072
   278155221
   137610232
   188182267
   536205247
   294643353
   109439726
    40235679
   447156641
   216390410
   199318061
   418454548
    62086300
   421500296
   339210292
     5389485
   102805422
    66695762
   455813029
   405305497
   113253578
   345141148
    25570368
   351000653
   128059650
    98067585
    29542663
   279923778
   254158380
   142435843
   392770538
    73045178
   288507858
   168904802
   536026805
    29452868
   466959440
   189583455
   511181622
   312824442
   535655967
    65638317
   361916279
   506038315
   459157195
   252546403
   418118602
     3476572
   377052328
   523939657
    41508948
   299244370
   194038044
   155259521
   468545408
   110898915
    10819483
   114392614
   353904844
   321989357
   183412281
   224507688
   168091782
    32108556
   503952361
   101119726
    42531767
    28755470
   418197378
   103056712
   399842310
   477660195
   503981727
   489967791
   390646430
   258799042
   252245792
   367898735
   210414708
   164480896
   219714531
   462115628
   344353948
   201900516
    45393975
   139797161
   414486188
    13450817
   296713033
    12860626
    62923981
   515061080
   523626721
    83893765
   142789096
   371396184
   519366506
   234523669
   288364482
   243922737
   512387443
   528316912
    28232639
   360117468
   327537366
   117045990
   357555284
   169763146
   427240927
   272209345
   161094237
    43938267
   342886424
   337945542
   511918260
   190753346
   283942669
   403120799
   494364615
    61706159
   384359426
   419688130
    96648694
   528228075
   368143300
   170024546
   345660766
   426605092
   383178217
   209533575
    65380293
    25811432
   290363084
   402363448
   340936823
   493361025
   214737243
   227256137
   418668852
   448199598
    20896079
   511607733
   217847202
   459268334
   328957013
   306726777
    62081733
   472912890
   292268958
   502505273
   155166086
   129193945
   338392475
   116514172
    90016449
    81423668
   411714027
   335582889
   179626251
   215167936
   500144384
   529362303
   475090225
     4514834
   116559615
    45438701
    41204810
   261796194
   164917943
    10554313
     3460963
    72446174
   177385882
   133874056
   140665902
   486609103
   177142085
   443663285
   451192841
   138578135
   514397456
   102787854
   155250184
   323204176
   280648709
   504786656
   457435328
    33534043
   146237237
    11435696
   435267062
    89125800
    91929341
   345511953
   298698248
    93090568
   136878979
   403253001
   360670290
   282855878
   333651681
   373399797
   177307185
   248844252
   455899752
   450542922
    65207762
   105271758
    40177410
   187154642
   218662512
   119277666
   290634414
   362927325
    11875465
   351924196
   186105013
   500861061
   268389206
   494653500
   326627136
   522753966
   323640472
   264269258
   424501379
   505012244
   110149729
   219678341
   278837201
   470982020
    83620635
   168769897
   326416925
   458095121
   318569757
   197208044
     5716662
   337013867
   514608175
   168331440
    30217837
   493697830
    82526544
   418798353
    90129521
   417333225
   332982577
   311344441
   352000870
   383825168
   309290625
   525880947
   237852760
   151096943
   534200235
   493982665
   185903251
   316699784
   368267167
   298352863
   488689600
   146781082
   421572322
   526671012
   373411035
    27849878
   116147713
    26752171
   119106345
   518942215
   517568448
   504658897
   362377267
   382917360
      832965
   475156422
   356543231
   494669410
   101141487
   476018742
   124230376
   368995866
   325747190
   231962597
   232110567
   464473981
   238250221
   156226656
   462670351
   116112334
   198847713
   244016874
   400228821
   193331974
   142398289
   338683280
   358980210
   469823807
   176617689
   233513348
   377442497
   470376554
     6723391
   178917721
   493734590
   489167807
   278428421
   237696086
   456474357
   131427779
   452366917
   362114176
   518138621
    81092559
   377335739
   146516220
   140906351
    24670898
   117505063
    95833763
   256013003
   233773776
   356377215
   299769268
   314300529
   112727233
    12890809
   190956971
   195321478
   389624456
   435660488
   235181023
   470102078
     3216901
   323284000
   177962142
   210590388
   466394736
     8269095
    80270890
   146562746
   338626511
   185878118
    15535252
   264758198
   269262102
   130879761
   325751793
   272920999
   436293974
   411923631
    48112595
   522906510
   393394479
   433266524
   334573409
   536252017
   108696421
   180226102
   345815857
   198281841
    24313379
   400298090
   506731597
   438406256
   447728967
   412040437
   202151010
   248059557
   178348263
    95000633
   355812683
    69612309
   326408518
   453076664
    35467673
    46409763
    53080731
   118754745
   492863436
   434265407
   309948397
   160819887
   502114939
   367555191
   345291994
   248704330
   527140467
   413488595
   425299913
   424424943
   367891380
   123079661
   246866903
   416636170
   532251838
   149907929
   323849876
   249429417
    30542169
    26085056
   110754622
   391842833
   323853272
   474429444
   329244234
   103728660
    64906707
   157742723
   168497244
   398826812
   427787697
   460779316
   493394430
    53165922
   145211423
   147154292
   392857195
   316861899
   483242977
    25922563
   478004988
   329024488
    35808711
   349603041
   188616191
   473457389
   357565887
   418940656
   267209260
   498831844
   359702621
   286487177
   200140761
   346003411
   477523427
    38421738
    62774555
   211364972
   311564832
   450570405
   134143299
   105679371
   333893203
   383329191
   438057786
    28732852
   431679898
   486115612
   469890957
    52274812
   276113383
   502790054
   193059079
   175266254
   197249819
   117020573
   190541075
    31320192
   106531280
   136294396
   298461966
   272145550
   163349686
   162084139
    32096780
   199836066
   485414837
   430091506
    60038348
   329625783
   462024057
   146584887
   343845033
   309042605
   376296747
   494540140
   464818125
   488423902
   363902785
   151541602
   184726188
   423276219
   457142767
    13050981
    65505408
   143885444
    77738776
    55448907
   151323420
   219338018
   413788778
   413852258
   441766581
   245377593
   504917429
   220588129
   140541210
   331828018
   532919426
   236890397
   249949984
   169733465
    15657634
   470736262
   226981657
   247331547
   197110737
   511656911
   533851363
   402925188
     8187020
    37692413
    99570199
    47647403
   231574839
   193295970
   204276013
   240416414
   438373638
   156322820
   519904466
    78154537
   284311245
   443394389
   129015093
   122421939
    39124438
   477442616
   381464439
    79591912
   425911455
     1668450
   341421536
   525089201
   306756139
   173182082
   261305432
    89606745
   286666877
   251448816
    81920455
   104288600
   128762525
   106131866
   218542717
    31279541
   510069679
   196186997
   243407002
   138709378
   502930770
   429212223
   295411577
     2428939
   164366015
   370362860
   416338401
   379116785
   187686639
    88475443
   481414909
    71386813
   483297109
   382573930
   134084788
   490208615
   430243492
   314340764
    53608628
   293863276
   110451454
   474983649
   269289558
   438962432
   355874032
   287386526
   247804187
   101572940
   293433087
   102665096
   387811041
   284833209
   197045774
   218561425
   355938770
   303257169
   291796472
   176753376
   154533334
   502967106
   393421577
    64542585
   344813258
   281553838
   191906861
   147278456
    24048035
   369220673
   224296955
   327905290
   272851873
   514432874
   239496701
   412615889
   314777181
   161314588
   451360921
   243853256
   285599481
   262627707
    80695535
     7741163
   103952314
   234839670
   451726548
   206875336
    36606924
   527663695
   499627388
   210268385
   340465104
   439406919
   364147926
   149808249
   388529392
   520740956
   260865212
   175531949
   362512771
   341835617
   377776823
   125741104
   114269509
   474414000
   162743842
   290673543
   535392399
   426002735
   108330404
   409870078
    63172135
   187611413
   220966609
   417004439
    92558543
   400393603
   229023585
   393478125
   110217697
   340468744
   130819126
   406946809
   274911436
   144336655
   448025882
   332625522
    24677622
   408132156
   290823362
   316733389
   472555209
   523916506
   467770770
   460053795
   226546232
   387215027
   102862207
     1489306
    10980017
     4657596
   237708848
   282425639
   226203874
   374828473
   383069485
   464193925
   295625611
   491394560
   201951768
   222848868
    90927045
    89486149
   480085515
    86315256
   290772257
   195720411
   408773413
   278143069
   465634413
   167855890
   379539216
   108351557
   276857413
     6739546
    27517462
   200651647
    96230813
   121905613
   124649917
    90780573
   416578829
   285762982
   104536642
   136511811
    19644826
   504096559
   411390420
   123837274
   111719327
   292724494
   472219603
    57229235
   329902557
   248746863
   367551108
   198105572
    45810771
   511458300
    90413113
   172292635
   308574591
   370527929
   489800163
   402410983
   509863331
   512077779
   228794609
   459397337
   358351140
    65161026
    25670882
   498983634
   184829156
   461979012
   246100876
   527984865
   234288778
    93694686
   152028437
   244952622
    14269383
   359206645
   110380302
   503848494
    44610283
     8183121
   145041678
   235924310
   164540339
   126318692
    92504796
    24372547
   274059814
   351493663
   532473432
   262908520
   172184854
   436054211
     4766932
   261054908
   101136306
   190144689
   277563077
     9326847
   204793075
   353182232
   166071660
   389240145
   409259287
   115708059
   128290059
   137378371
     9460862
   212860838
   397449590
   402070760
   140085374
   110037882
   444823974
   286838351
   518382667
   443845147
    39949011
   381012021
   187275530
   406034440
   359379058
   139994722
    85612209
   488127776
   303478012
   135065798
   170679935
   285113731
   528363379
   429167481
   387693884
   396258396
   199866365
   428574738
   222500914
   469505067
   112744328
   495345346
    33987896
   216459711
   225286087
   181338993
   353222334
   536775226
   234189390
   432262229
   244361913
   420533916
    84496063
   424991556
   281490565
   513793514
   471290422
   315085853
   469154614
   255718696
    97452242
   474939910
   395970640
   536442591
   229243607
   203798366
   252888823
   143822827
   303497338
   290534020
   505880908
    24220915
   159232744
   115587194
   413624635
   412511380
    30268039
   120951523
   115309169
   298236189
   349886105
   452931976
   307639667
    56815783
      825948
   169793921
   112864798
   155816237
   488277571
   254041091
   320725592
   458397120
   523940676
   302396300
   129513911
    50149864
    43482870
   279697655
    44420314
   372132964
   329297748
   483076235
   395246616
    35552850
    68309452
   100172993
   503568640
   354193249
    33212475
   222545602
   180020658
   123344967
   432825568
   106400430
   286406410
   115268149
   440593876
    39011236
   186869577
    29509454
   482657941
   210579852
   483517832
   422670834
   244407012
   462778181
   224500574
    22802883
    11151526
   473988323
   499100847
   476708728
   446350670
   213200783
    10662900
   467902743
   238896427
   243268222
    73951398
   196671921
    33281237
   353113094
   453476094
   271751070
   268897532
   245489015
   384963641
   481972177
   170436830
   246522973
   122316320
    24385506
    74289868
   516544549
   464973298
   172596341
     8397390
   245908071
   274517292
    19095911
   106641328
    40291366
   460826589
    14015036
   363446489
   526264506
   345345206
   227701223
   416498951
   218268140
   487731137
    96024466
   487438903
   390113294
   200366018
   176281920
   435629002
   214301320
   353512288
   123799781
   299775353
   245879837
    63867798
   169465351
   388473497
   438053659
    14182810
   425338803
    47260212
    48827131
   511023388
   509415938
   236256985
    15057899
   125734124
   362681763
   307353424
   132541926
    94853275
   502608409
   364506048
   465038969
    33833391
   331675829
   312067952
   100247940
   357712980
   184640885
   375642243
   380152815
   414912024
   520675312
   197616688
   127938412
   242767496
   525816096
    18104761
    87199842
   357450437
   223245870
   229810252
   148324445
    37109625
   124691968
   481174061
    96635682
   522976034
   330256625
   266746420
   295563193
   432379703
   200757070
    42661082
   361352046
   326943046
   273307545
   265095501
    94073268
   171651906
   300086121
    70916388
   406192410
   171886792
   493237855
   399153147
   477091815
    27961929
   292657932
   290876277
   289028475
   528628073
   523919781
    27152270
   146650905
   255893279
   244971844
   243588333
   526034297
    36420245
   469414867
   454579191
   260216153
   281859636
   401441950
    98007447
   389385451
   420104603
   218762447
   365927481
   366794416
   236804164
   484484880
   217588024
   512460315
    58071186
   411047780
   422581598
   417661383
   494140636
   153565151
   245771635
   135361641
   336924319
    58103749
   165708990
   432592583
   340235487
    10322868
   322581294
   111034634
    46847257
   265961946
    36114641
   132016243
    74045259
   368981553
   252394530
   512678699
   373364040
   465810792
   211544586
   451766845
   395541189
   107828473
    95985816
    88247623
   232633090
   480543698
   354498411
    24453937
    37729618
    78146848
   377736643
    10081981
    40093409
   366786369
   331318869
    20769026
    44574721
   276069843
   135087381
   325736953
    98891707
   278203304
   296618181
   201710061
   295361106
   430546261
   149938606
   400675057
    51398338
    33692623
   309715147
   381399850
   281752100
    33862617
   383643632
   366632107
   408127291
   360494278
    29865334
   386610115
   489111922
   363821713
   386603638
   153782149
   212658938
   421770522
   172148114
   164380773
   463652100
   137836759
    14057203
   184753650
    41001965
   369326898
   169139878
   204867332
   466674769
   175248627
   248523853
   158676603
   397877125
   134700992
   402800207
    39547342
    93200472
    94088715
   442327943
   155356068
   343145102
   373379911
   369940937
   519438839
   367232115
   280552336
   325493162
   404914457
   466997471
   425460298
   110762195
    51222106
   322213716
   253446049
   262332362
   414060359
   280063426
   206803014
   496919177
   395506143
   431027857
   295980239
   339428653
   221037120
   475681939
   316231935
   419285412
   395040636
   250295371
   271620447
    11173770
   461710032
   194455049
   286179505
   167303150
   519462220
   241037786
   492543574
    48428383
   312135762
   516936784
    25942050
    86312018
   420622859
   412134024
   345231376
   451886639
     7101642
   419120479
   149756520
   119008485
   407226737
   460672487
   289380728
   258471854
   139157845
   205077375
   426615225
    26514981
   442358709
   209711638
   494631044
   205664540
    26278657
   460199647
   223957097
   397536976
   493706669
    65134572
   398550621
   446816998
   423152541
    94213998
   342583874
   253359434
   337395386
   339296497
   277988228
   310608417
   466945130
   304721849
   108396728
   153649385
   465248532
   451848254
   335423294
   372764164
   290810771
   478349727
    83241527
   274282520
   318400142
   459384109
   381566161
   332801127
   287562458
   171973353
   226593513
   219923567
   363504845
    32358856
   322891063
   300796079
   186671494
   133708419
   406929216
   147687358
   276100712
   196675583
   149167681
   317579500
   286210417
   531104536
   402029570
   104867698
   385955701
    86344575
   108872308
   500889772
   336784975
   382478156
   206380601
    81534216
   126392538
   447131321
   280297230
   454554329
   181721809
    46656213
   327707958
   504794481
   274373461
   379873470
   235676523
   288144004
   252070086
   127184474
    98458707
   345619197
   509799673
   452745480
   196618259
   127805457
   334266163
   522171485
    52257420
    19341336
   390476022
   228283365
   159747548
   219302994
    61990527
   388192712
   444686031
   182628459
   104073979
   227523116
   111560568
   304376489
   373196775
   129038970
   350464586
   123627219
   269792032
   417221388
   102528518
   460575496
   308432701
   503899072
   179995924
   442843043
   440423642
   323650703
   255440911
   463532076
    19071906
   365267540
   295981000
   372056576
   242638243
   455857422
   225660503
   286504946
   185105184
   499585041
   277000886
   306097968
   257101681
   189857578
    43206935
   193906826
     4799010
   246724013
   225568994
   302675909
    34187527
   265992144
   521603636
    45774097
   247566820
   105979133
   238062016
    63615125
   212939733
   266273023
   106132011
   150663547
    61328410
   222749121
   164889322
   486057671
   200962714
   512638968
   113157326
    84735634
   183979083
    75146268
   300809580
    54878628
   262992769
   209422182
    42476757
   420215756
   194329696
   324517401
    26149693
   128733383
    47299808
   210836357
   158273286
   380467033
    87604563
   301273438
   165313783
   484427721
    49915814
   270710399
   445579396
   379856477
   338232398
   274132427
   505971478
    49684482
   295030544
    41323729
   195283644
   474405751
   384541877
   125537008
   217681188
   535220266
   450902124
   101084028
   185345885
   515763079
    50669540
   289876963
   524829506
   118428401
   123403165
    77743189
   446422237
   505578242
   536234462
   432884917
    84800576
   161267007
   259270133
   126172441
   454386744
   354625906
    44580137
   383515207
    68516471
   241643380
   342146098
    89565324
   183196339
   518564062
   528597922
   303475064
   226578716
    23404865
   367582559
    33034263
   380766978
   220114919
   510134731
   374721430
   246462185
   160874038
   435648564
   518625585
   108092262
   187383464
   167038750
   443047212
    58214926
   534994632
    36160670
   318117509
   282010672
   164127163
   439654860
   297577053
    32134882
   437386717
   435857859
   213895408
   198346988
   156974444
   457644068
   517835100
   187899758
    44805987
    29791940
    95381741
   315111456
   294374532
   155435008
   471425686
    22368434
   155151604
   462131948
    28208763
   160964323
   432573134
   214770367
   202381294
   383441842
   371619646
   159278854
    66976703
   128226170
   411649317
   247803751
   105723218
    64398629
   428895132
    27292793
    40083914
   118712272
   508318241
   496795252
   461085761
    47903259
   122056045
   373492522
   365770824
   422116967
   225542215
   465507549
   422047006
   282147427
   389845339
   417083250
   309666013
   354795746
   155048183
    78165924
   107926785
    65491954
   380694147
   186323333
   293079164
   484315040
   477865112
    87238282
   157067041
   135152759
   373248263
   162698877
   179674771
   151856128
   458346992
   196642983
     2849045
   181347498
   251204978
   483927664
   129848432
   388685620
    68548781
   363603185
   435477346
   478288137
   322452951
    66911501
   393248258
   190126377
      282920
   441698376
   534033169
   171693001
   126689000
    80748070
   501944510
    44322591
   519101981
    89394084
   165815977
   302884850
   349028736
    18841454
    86782280
   218908825
     2949789
   533311347
   181146922
   310164394
   100036173
   464930277
   283105032
   296797607
   251958043
   196248430
   290346768
   375145478
   322066697
    31370651
   177400852
   492729042
   173940977
   326085421
   404545880
   528435533
   386663641
    95780208
    58906622
   144736934
   489759648
   104074649
   457846030
   352196883
   325864360
   352697461
   102892607
    28507826
   414040983
   171486225
   227940569
   487824860
    28804236
    15368746
    55735223
   375015514
   152643262
   379159435
   276462794
   249496497
   201320425
   469581483
   239053577
   443539674
    59358741
   147127722
   523421833
   228437032
   485265744
   257882621
   363414050
   431797016
   215399028
    74464040
   258199954
    87684536
   278673563
   175263573
   441925940
   109135409
   422963301
    17471668
    24186489
   122870523
   443739883
   497344728
   140092041
   164884268
     2832215
   347242444
   385130949
   271111582
   174737192
   103694400
   328998672
   533031339
   429201206
   313912739
   121070269
    69479603
     2285060
   254966080
   138392597
   520353299
   248067428
   313573629
   267253696
    15788894
   178179065
   339662222
    68344070
   310198323
   500980478
   224609603
   199795122
   141876413
   288626888
    27178628
   141160846
    55011485
   492386301
   224595566
   164271304
   405515594
   216952735
   143587745
    42011627
   434197979
   466675834
   466648784
   306602892
   213746737
   289366756
   534655977
   209203894
   396536607
    14205316
   339947976
   130326772
   535575747
   126124794
   353361523
    31698086
   335244118
   472935512
   120027107
   146926912
   507230213
   311585667
   111196360
   282147087
    82563612
   334748662
   114247251
    43635965
    33633984
   236729630
   496157597
   319539852
   115632243
    65268634
   159434239
   198939348
   315503591
   158749687
    49218945
   323926232
   369540106
   502879130
   299154528
   195960870
   443747389
   366761050
   494083201
   251781975
   428269307
   396168777
   247406278
   120630370
   337472528
   101229312
   472474136
   117433464
    28702558
   118045708
   497286207
   103602811
   241108669
   261457185
   338773135
   147824620
   168172715
   159258011
   182657008
   500691964
   238075945
   507953492
    42373685
    94531776
   304079412
   488505918
   407662493
   315122246
   391021517
   369292980
   371044180
   223356366
   334074487
   141301363
   351772203
   179077687
   361763184
   434896235
    53684944
   426911030
     2657874
   361767939
   251728016
   314070172
   455799288
   363702101
   104112801
   531030412
     2945642
   279701434
   498499488
   287775793
    17952919
   432140812
   187802001
    32435449
    12575707
   515123785
   298155748
   244722535
   284043032
   470947102
   105536384
   150787670
    22321170
    90798446
    17173484
   526792537
   460729116
   469995176
   169522013
   507069823
   172259583
   489904564
    75732874
   364407597
   439304025
    61374908
   312986593
   438587780
    94805685
    46769429
   426683645
   168057984
   418188360
   124948500
   232674077
   262500666
     1756909
   415154177
   145324632
   313283110
    28053063
   443521306
   104320027
    96687797
   296245451
     2527908
    78210490
   308085307
    78308238
   247426810
   413474971
   254073312
   446236601
    62706826
   309340267
   426637601
   384755530
   144296973
   207929270
    27543603
   486561298
    35032238
   275151263
   266342355
    44576199
    98823597
   435313496
   405156664
   157762085
   294750279
    82481894
   469698117
   120660458
    83682942
   231135361
    97339231
   333243750
    64838916
   242016661
   487830321
   162414422
   185597576
   472272700
   327942170
   376715723
   388035153
   402465050
   435933584
   463066844
   216293553
   214089176
   134084547
   117379372
   132654281
   389154650
   283433600
    30433946
   214518810
   528567013
   358192448
   396273802
   422336859
   324917609
   131010994
   217670883
   484840100
   255377716
   439600524
   478814993
   116635753
   168437330
   350620855
   460419029
   517810498
    63378496
   129412394
    87226123
   338285623
   297589912
   304348731
    86062309
   274297308
   442798251
   450148555
   465023894
   494761039
    34672636
   287106261
   452330523
   398792362
   161663868
    99182476
   324893637
   288776547
   120948207
   171379394
   234368201
   353451503
   235760948
   220247348
   361764973
   522101641
   518751317
   234745977
   490933378
   404598022
   485192240
   300342258
   347164500
    63079694
   237499470
   262470958
   376148191
   150457700
   338087856
   411649065
   348614608
   527583706
   142676557
   355933578
    19462556
    97527426
    15259694
   387588976
   333675667
   328817272
    94054272
   341354007
   492593380
   523089029
    33664351
   361753639
   115287329
   136677904
   483280563
    32025020
   165367451
   210651609
   532215152
   352443818
   450545981
   518143126
   340230916
   523698963
   447298733
   306911044
   271455360
   382397133
   413919281
   466776262
   519021917
   418151140
   378854037
   490795841
   100010290
   340016158
    87293239
   129816338
   191492689
   438955643
   108315986
   291719089
   372077854
    78678667
   140526453
   222652795
   109372176
   164374169
   327699816
   235473590
   465361081
   282693291
    73045301
   152548969
   209676178
     2704405
   113801691
   493556450
   521486803
   180936684
   389775852
   449640348
   378320086
    17120339
   272455454
    74641823
   338939864
   200100733
    55973601
   375485586
   487127609
   132285984
   330572784
   346126749
   339880873
   484843998
   217927295
    87306069
   182008439
   473710509
   259673988
   461145929
   347230374
     1415787
     7063665
   297028781
   460880461
   262084742
   168409004
   295362380
    54250494
    50557518
   121478628
    34042729
   322745158
   419306453
   215635845
   520989397
   480818984
   444684371
   448065809
   203173263
   275085557
   386456763
   215329351
   193908511
   199809174
    40506496
   382286868
   281273098
   462349702
   514848274
   472905604
   511910970
   526960724
    62699110
   432646369
   194468477
   522902596
   460152798
   498327591
   227028895
   204726121
    45961349
   354603839
    43070198
   128641393
   206417025
   248794085
   535570215
   149857156
   179052903
   497026693
   443646820
    17629354
   320832842
   471928559
    35128003
   104885440
   361540980
    71852712
   203814528
   310734886
   446082358
   318936201
    93999134
   248130315
   207481918
   213905941
   194602442
   503851600
   211266800
    65574976
   422220827
   105955391
   252495728
   316489769
    24547427
   125545672
   189364352
   157313691
   530845062
   373884952
   458376833
   518739712
   126932584
   510116270
   502423366
   181332039
   362760075
   360448114
   110529203
   114862991
    47085728
   351964668
   101544258
   349327840
   184138559
    16847825
   282710870
   173735564
   496461840
   407224963
   426606607
    93874621
   407026612
   240447954
   495780920
   416855837
   183772095
   530490372
   195778376
   280816302
   128775390
   417021124
   455779054
    28292175
   481266228
    68345350
    58976926
    76338619
    97228253
   278993752
   323598405
   305783752
   368531529
    82602749
   271855170
    30574300
   403352010
   482284848
    46912049
   414718527
     1971784
   189203396
   256351300
   529996734
   226077769
   423658641
   347034700
   135466373
     4852892
    79761567
   347514054
   495799002
    36149014
   385788950
   167213772
   237695228
    50620284
   207258123
   228224804
   304205641
   502780006
   191227536
   503515983
   355857763
    96711206
   278649539
    19071675
   209053122
   360655489
   245565538
   278091455
     7718096
   380961980
   388467057
    65352366
   248508751
   505414193
     4150441
   229399985
   492063394
   271524872
   132117095
   117278693
   324440270
   507845559
   213457484
   257932307
   465582386
   526562212
   215239173
   116218351
   456287557
   121775915
   439317414
   242964186
   191440243
   218298141
   271493991
   494888247
   393924249
   403263881
   381627902
    83699973
   390322682
    46797001
   375748479
   510208228
   194630564
   109920373
    12008225
   135620585
    92734190
   165957802
    16410557
   264643881
   438009543
   424566351
   122872357
   392710699
     1590733
   477469750
   219770090
   502424317
   522516931
   322646302
   305136635
   203990276
   405426415
   529810132
    24237861
   498172684
   253199567
   431128737
   373262881
   344757053
   395572228
   322729504
   397126739
   133654947
    69970193
   253686874
     7758763
   520459716
    53507583
   451391671
   535024970
   403697537
   454615753
   474683495
   151861285
    76363799
   325160190
   328946778
   127992760
   390784282
   354813001
   255151889
   363149438
    37717357
   445856058
   459904509
   297517873
   146368240
   222718720
   265462930
   221255125
   140819099
   359239500
   445133160
   163318406
   334627425
   103844032
   299373174
   100761264
   267596657
   352905162
   122155298
   322322237
   523820487
   279039327
   508113878
    83389208
   125500996
   431006382
    73426108
    79316562
   533792115
    55332645
   271832062
   473325455
   492060316
   178829650
   472583327
    99520866
    44318391
   422726264
   229077294
   409141063
   382846503
     4872428
   462498857
   158969813
   265717409
   125567264
    10495770
   352453996
    52485945
   229891560
   211252032
   358902276
   289582993
   421252961
   457442400
    48898013
   208128916
    25190997
   177923388
   531024612
   239405498
   484258785
   125456778
   124957347
   312222584
   262341434
    24783929
   278546257
   513908908
   297964976
    59484371
   527889238
   426915370
    38691761
   487490039
    34816070
   180041927
   501109097
   472027120
   517241787
    95344905
   211308930
   528458593
   267138038
   146285968
   488326249
   262899771
   462655966
   235715513
   122825438
    52807565
    97834209
    77235554
   397471516
   263966471
   326076709
    13547810
   525724465
   399839269
   104801797
    79222284
   323460223
   181293980
    50157619
   285218020
   206599567
   328581891
   256711352
    74208125
   370718161
   189650685
   389459379
    88883959
   131661071
   334771231
    78170388
   204622148
   413108816
   143369778
   481811899
   507450932
   242102800
   255592431
     3765799
    15050375
   146196202
    48895439
   327593776
   447152363
   381232347
   337233883
   531616604
   454948988
   138860805
   237635984
   448822963
   112867863
   524173083
   306589298
   300655972
   338249014
   435262526
    57856062
   487975653
   495474756
   392991639
      414438
   222618396
   394111982
   393167256
   408121069
    92418774
   338270171
   516142576
   108264882
   382396578
   233336912
   395924398
   145023154
   187995077
   184863340
   462452709
   296319337
   445887495
    52911873
   359080737
   517744826
   338297847
   460163401
    42509336
   303298802
   104694737
   386005414
   359190084
   285470443
   125653947
   113491513
   290851917
   156757461
    13440010
     6269373
   345280821
     3958532
   184292045
   270902143
   401163698
   123374181
   505072823
    54526547
   428002277
   222899176
   320244720
    44946480
   389287810
    53195290
   134812543
   434286928
   276627546
   106701311
    13169151
   337526568
   397664996
   531859302
   214291921
   366218730
   185333592
   284460614
   111412934
   381789778
   117232635
   221183474
   258077693
   117152001
   217670756
   508668758
   346267844
    87330745
   154990463
   380527897
   521166135
    87148990
    50411235
   295726021
   436804120
   531570029
   444116687
    99720386
   426207747
   206197267
   313971427
    78815994
    83364121
   340859881
   453507469
     2406791
   352747880
   317199971
   124425798
   179830558
   152793780
    47788850
   329585352
   321436118
    67794777
    30941905
   354658341
   269965730
    18995555
   404282327
   522496671
   490429085
   146978929
   337170027
    17476080
    53465435
   308684989
   509488949
   448264344
   133778487
   455191561
   253393584
   367600919
   191950054
   379848571
   368358166
    23120912
   467537548
   443182006
   254729753
    61499546
   450959948
   354257908
   331781339
   201848203
   445438869
   480646563
   361000370
    34706774
   433170119
    52480015
    68125164
   359553007
   341149779
   477303721
   460517665
   153195846
   220692756
   459490726
    66734242
   402172655
   277934811
   231241849
   172397557
   217769626
    88607816
   473032103
   250259249
    52323088
     9965981
    55557329
   387884353
   121347768
   509688467
   100340853
   454846373
   520870691
   306241959
   134162311
   131953067
   355851455
    40648883
   104978671
   355015094
   516962045
   284465899
    61281862
   277751812
   278461858
   301064781
   378531400
   317562928
   473358140
   463087334
   221010832
   135162168
   124889153
   440406281
   461705463
   338748831
    70598017
   163080309
   305271446
   120612894
   413998493
   241670632
   497666740
   441770203
   396143244
   190531855
   436011772
   519249500
   462684460
   335638679
   204738075
   138623512
   294196883
   493818572
     6485619
   282442510
   452508316
   493015569
   427016841
   414103668
    63721651
   393028258
   362812854
   397634488
   270393323
     9396935
   153465162
   178974682
   157188872
   526203065
   418699387
   402460355
   228639864
   484476461
   443729149
   193140001
   262405652
   374788446
   100032804
   462272868
   268207258
   285309416
   300565174
    10591374
   153127407
   299206840
   126079957
   264211863
   260160407
   528935722
   189583411
    88182399
   519604627
   358350538
   391829816
   332265810
   384248600
   168944012
   126280103
   361434784
   174606665
   470309922
   508392529
    33212069
   165649889
    26523122
    12622325
   463745459
    69300197
   451264868
   253983464
   525534111
   275327341
   234471694
   217148225
    52915354
   222769949
   451796504
   356117942
    72964368
    97664724
     1229782
   518898889
   475583527
   478757724
   483784637
   133859397
   474123862
   364415644
   509625403
   107805562
   307994953
   296079426
   149592442
    88969357
   148513675
   495856440
   132671777
   151888567
   110153584
   442683898
   442834807
   523265050
   244026249
   377043653
   536614117
   283562300
   120620500
   232194928
   533630702
   195225322
   108390809
   430577306
   443686755
   414991134
   269961902
   228755617
   288010381
    36041020
   332862640
     9217152
   294080126
   309579093
   313020319
   411027048
    13559810
   118312486
   511932733
   310422154
   221955822
    32656679
    76420931
   106725370
   217052541
   317670025
   495443155
    51235615
   262535080
   219044578
   218804550
    66287523
   370796556
   193198969
   192570834
   365884187
   309809397
   282004689
   359719586
   312934064
   434988766
    55514723
   292034235
   278526783
   123667766
    78963783
    55006256
   287606663
   161854437
   242587561
   229906065
   414139014
   535104347
   374555892
   427759279
    35750520
   152210517
   220890212
   430298533
   218490749
    13093756
   302564110
   168748996
   139056458
   349783265
   388254584
   315328947
   101749112
   296375972
    19681148
    36443679
    20983813
   502809178
   395667658
   347998212
   446644606
   327285161
    42843393
   289583255
   223893568
   347086393
   103438378
   473657998
    30038349
   249156680
   128961162
   364249011
   108783130
   102609663
   530000467
   502649247
    52096378
   514595877
   262791402
   442141725
   242315975
   368596671
   256318307
   299559130
     7143971
   490220868
   271047700
    75699068
   327596018
    17796485
    63443531
   251823176
     5213415
    98865018
   495324930
   476151271
   308652838
   357251665
   143963569
   349735179
   468630284
   434392312
   210753851
   409295266
   346354445
   152697185
   434572591
    58718861
   282899558
   486469071
   451862478
   136886566
   359395753
   375415071
   440797214
   265562967
   357886645
   344068236
   115439329
    73732025
   273324971
   337963188
   495459436
   248875610
   215911259
   336341245
    55973347
   122757980
   170746493
   509299289
    34429982
   146211885
   460978768
   310872064
    51543841
    61952364
    18707249
   207287074
   251334269
   489255570
   382591180
   492102241
   202672803
   415984103
   491093983
    78871459
    88824169
    15356398
   386911359
   139243767
    65209026
   509048892
   477852152
   138062162
    25876143
      181144
   212655612
   249986744
   235712951
   359566201
    22481149
   374802468
   354857351
   411861709
    67015919
   494774471
   127667095
   308340783
   262529013
   296908168
     3498574
   255440539
    94378451
   156404928
    80575559
   256169737
   299178545
   245877015
   262941249
   289729890
   138426290
   445609854
   434031729
   133645533
    95467589
   333903812
   402385266
   248952929
   269763205
   356567716
    72731694
   103775890
    44111383
   301128362
   286729775
   357950341
     5781678
    81213376
   530864421
   523192502
   274119870
   256104886
   518768542
   310360276
   210781152
   292790807
   244869864
   343972834
   446481147
   486721228
   274907717
   260927445
    25693813
   384029094
   177066646
   236591716
   366082572
   460793984
   385860164
   521412609
   156491439
   316610343
   434141906
   506184707
   525413626
    90971939
   172188370
   146044125
   434113465
   179980774
   145036077
   230488898
   232309405
   116865519
   335142345
   320289489
   182636834
     7491043
    20343549
   355273028
   533319792
   238323141
    94946561
   119298778
   508348183
   328490693
   229502623
   479176543
   534719770
   196276605
   324383796
   109648358
   362575799
   473134190
   535123738
   231113442
   348415766
   477388506
    82350730
   350959870
   515960730
   214030952
   455596944
    86056637
   482158082
   411873154
   494093134
   449708340
   343929384
   323901660
    21045390
    87317933
   341124103
   529718911
   514945234
   432440295
    10205830
   189545446
   337652406
   528668881
   366534687
   390046487
   253379836
   457465108
    20758720
   380977819
   365735329
    91709922
   522156959
   146580420
    31891798
   477900794
   124499317
   134019912
   301248257
   203076691
   469098003
   508534347
   309719849
   388569703
   430956584
    99910967
   115412301
   416677534
   356738768
   355781132
   260305639
   155869725
   472792528
   526793750
   388429966
   242948331
   399014131
   111377532
   380201383
    90872646
   384664253
   500721163
   167035334
   129227663
   153033591
   388012114
   497711233
    23433332
   187390877
   227415735
    90179541
   383901144
   376297822
    74050198
   488402733
   185211097
    32971227
    75870880
   480495945
    56610584
   235230240
   275613995
   519407580
     6108907
   411963965
   316422105
    63206340
   285051593
   199786663
   183030583
   463522520
    78355226
   171834543
   346330153
   446172556
   142113443
   151525246
   460449664
   288902501
   201259944
   333012454
   401224710
   179906877
   379132923
   364987157
   181875058
   445649568
   468996469
   168990867
   289288226
   108154183
   193417078
   301461288
    82310247
   516151914
   190340551
   442072845
   232142450
   305698744
   214849454
   267179607
    48326880
   503447560
   425169163
   220201835
   334268063
   114527880
   175249060
   448246755
    48458718
    89508061
   158783394
    11660768
   280508155
   131621994
   442403438
   370525308
    33038178
   289096828
   183642959
   353641614
   251460333
    10951820
    90373096
   453298831
   476164228
   500117168
   277253394
    61319098
   433700146
   429888403
   231858925
   325778173
    50961235
   326423142
    18112470
     9722283
    86329113
   533522901
   164042330
   114550596
   487876357
   131356518
   300906554
   138946419
   391124894
   181227107
   301803275
   185779283
   298162497
   219921301
   152717048
    10390314
     7010047
   121936473
    33781769
   492979747
   419856589
    74755527
   403770815
   462207108
   110695076
   263191408
   395186002
   190991218
   269200576
   480867995
   389201505
   276225528
   433938786
   167301408
    75542226
   119244701
   196862281
   318466118
   104623669
   161113400
   400174700
   363660820
    37620662
   100246122
   463736472
   305446957
   397725967
   205640423
   197275314
   357253770
    78436235
     7589811
   107704968
   185112571
   328008159
   213795925
   123890749
    77138135
   273383823
   249838871
   467862536
   416995698
   144940634
   174775885
   265566521
   511777171
   278143191
   399941260
   150193094
   387099751
   356497348
   474378160
    51277270
   243299882
   450472922
   215874654
   114733253
   354512080
    67158720
    66556977
   322248396
   204467318
   229629178
   214570560
   153756304
   443586389
   354983482
   190276254
   422527046
   184606086
   366401122
   215787131
   362769118
   124834932
   193808378
   535249291
   296824886
   483074748
   260833734
   107390886
   337916138
   369906473
   417796986
   266193982
   378771938
    55741740
   503916057
   318631546
   127052467
   164031646
   244911693
   499064738
   301329319
   326238158
   182664072
   524509649
   488375551
   115210436
   108557009
   297600521
    22251005
   472041136
   199356362
   184154116
   466110451
   130182647
   176206532
    56811990
    73071245
   471726701
   265384007
   217497177
   361676885
    21974615
   449392861
   173664953
   100573468
   308183103
   163016870
    37376673
   280129896
   405189931
   242874559
   442095604
   232628963
     5359187
   498912997
   290178898
   305505669
   346545330
   249863925
    77740099
   348970606
   135102159
   335882006
   498433251
    23063872
   116925090
   323926177
   278964773
   284086020
   224963440
   194337758
   189527315
   142195185
   161581280
   274921548
   363885240
   342997989
   106829503
   307403230
    95352739
      589528
   122738638
   530990490
   422009189
   229866627
   363238794
   118156416
   104685464
   402773819
   390435107
   431366001
   237784934
   405927405
    33643864
   526424500
   159098390
   361152718
   202251425
   427646219
   270269197
   458733291
   489189923
   358203319
   213222839
   469455394
   288503635
   519357207
   210208213
   249285336
   385340379
   524097427
    90894489
   357893144
   242624854
   225216578
   253872540
    68427106
   198519694
   139299152
   232821311
   129829310
   443072022
   197396564
     3620944
   138521801
   418293368
   165504524
   485765385
   499030822
   301365250
   475859098
    93639359
   361088113
    91164847
    35318952
   186456234
   442825601
   264506431
   385854185
   369750340
   383221564
   491605570
   417267191
    55101979
    64242961
   471504771
   139218651
   284823314
   519622134
   283496782
   179278610
   202135678
   487617467
    87535685
   415283969
   230279446
   454186789
   202625054
   252632549
   342526124
   315486558
   534478825
    12438908
   431755170
   524635890
      586470
    18397064
   523697982
   122590337
   418871156
   392345296
    14385409
   237677632
   212427287
   408369685
   149343326
   242661240
    57107398
   393966289
     5511857
   199151651
   280670187
   463479243
   359035487
   225275388
   128420984
   136788974
   189384517
   165745192
   196848534
   146005223
   374728727
   272832254
   260175168
   239376611
   251641983
    45498940
   147031117
   289392972
   231899397
    71412377
   347401817
   135801531
   221063256
   317028499
   525233085
   147643597
   381631781
   514973161
   530403387
   369842486
   203626725
     9338996
   359007616
   252428975
   289649074
   235443436
    32940344
   432560148
   113272385
   327214577
   370915454
   114816746
   419540092
   110593809
   298532691
     6328012
   293030998
   493044607
   533948520
    70442669
    38405670
   201638465
   431432034
   479377494
   368138969
   471968235
   124035049
   174083928
    73442162
    99876939
   497484740
   195962984
   338019277
   411216135
   262171551
   389391996
   279457773
   410328682
   373724647
   435683420
   100558557
   124396050
     5399484
   294960945
    22385041
   536025197
    22527985
   450898394
   300926349
   100211077
   475709438
   519304570
   101934905
   344363778
   439698882
   230348295
   154156634
   123855734
   336079250
   113024965
    29751428
   431446443
   466299029
   287050575
   528651638
   384813240
   392105927
    36763669
   174560786
   501224393
   341228537
   358249649
   483417293
   157910733
   461714507
    74648751
   180217217
   126833451
   323550952
   304520156
   471343081
   513654259
   521100237
   137210986
    91237562
   124340307
   313348091
   462151941
   528213131
   110156054
   444041818
   122205936
   164558916
   439711983
   259964449
   270039235
   377753603
   493567470
   344587661
   217711607
   207967988
   418090952
   257834380
   475106066
   166918695
   502239885
   102706793
   325855886
   137617176
    62558171
   371458161
   385937067
   399341529
    65522659
   352389904
   337403016
   289261412
    19774017
   181285824
   106003420
    42247219
   513842787
   325175363
   486054742
   366500682
   330983080
    22499873
   253192907
   259323069
   120756666
   533877597
   472878951
   301265937
   237633148
   235300530
   101316257
   188167870
   251643140
   422504743
   160116395
   241551872
   310071797
   248738545
   370891403
    92752753
   141923272
   444583942
   504855404
   233167262
